## htsjdk.samtools.metrics.StringHeader
# picard.analysis.CollectInsertSizeMetrics HISTOGRAM_FILE=../data/nyu_pipeline_results/CollectAlignmentSummaryMetrics/KP014.sorted.bam_insert_size_histogram.pdf INPUT=/home/vdp5/projects/vivax_cambodia/data/sequences_bam/KP014.sorted.bam OUTPUT=../data/nyu_pipeline_results/CollectAlignmentSummaryMetrics/KP014.sorted.bam_insert_metrics.txt    DEVIATIONS=10.0 MINIMUM_PCT=0.05 METRIC_ACCUMULATION_LEVEL=[ALL_READS] INCLUDE_DUPLICATES=false ASSUME_SORTED=true STOP_AFTER=0 VERBOSITY=INFO QUIET=false VALIDATION_STRINGENCY=STRICT COMPRESSION_LEVEL=5 MAX_RECORDS_IN_RAM=500000 CREATE_INDEX=false CREATE_MD5_FILE=false GA4GH_CLIENT_SECRETS=client_secrets.json
## htsjdk.samtools.metrics.StringHeader
# Started on: Tue Dec 06 14:21:04 EST 2016

## METRICS CLASS	picard.analysis.InsertSizeMetrics
MEDIAN_INSERT_SIZE	MEDIAN_ABSOLUTE_DEVIATION	MIN_INSERT_SIZE	MAX_INSERT_SIZE	MEAN_INSERT_SIZE	STANDARD_DEVIATION	READ_PAIRS	PAIR_ORIENTATION	WIDTH_OF_10_PERCENT	WIDTH_OF_20_PERCENT	WIDTH_OF_30_PERCENT	WIDTH_OF_40_PERCENT	WIDTH_OF_50_PERCENT	WIDTH_OF_60_PERCENT	WIDTH_OF_70_PERCENT	WIDTH_OF_80_PERCENT	WIDTH_OF_90_PERCENT	WIDTH_OF_99_PERCENT	SAMPLE	LIBRARY	READ_GROUP
398	90	2	3056684	403.756488	137.633345	5467024	FR	33	67	103	139	181	227	281	351	451	759			

## HISTOGRAM	java.lang.Integer
insert_size	All_Reads.fr_count
2	32
3	37
4	42
5	35
6	35
7	34
8	49
9	47
10	53
11	92
12	71
13	67
14	107
15	102
16	61
17	82
18	99
19	2023
20	1124
21	644
22	479
23	320
24	289
25	354
26	284
27	296
28	270
29	284
30	212
31	247
32	155
33	248
34	293
35	232
36	173
37	201
38	215
39	222
40	199
41	179
42	180
43	215
44	177
45	195
46	165
47	192
48	247
49	215
50	270
51	259
52	254
53	264
54	306
55	244
56	263
57	251
58	250
59	295
60	254
61	269
62	300
63	388
64	318
65	365
66	363
67	360
68	356
69	372
70	422
71	416
72	441
73	451
74	482
75	400
76	410
77	456
78	467
79	503
80	513
81	536
82	490
83	645
84	629
85	553
86	603
87	595
88	645
89	665
90	634
91	674
92	680
93	669
94	730
95	816
96	746
97	795
98	789
99	785
100	876
101	845
102	860
103	862
104	887
105	958
106	983
107	966
108	994
109	1122
110	1059
111	1038
112	1130
113	1169
114	1176
115	1258
116	1215
117	1278
118	1263
119	1339
120	1363
121	1415
122	1472
123	1602
124	1624
125	1524
126	1621
127	1747
128	1629
129	1704
130	1842
131	1830
132	1853
133	1812
134	1822
135	1973
136	1932
137	2103
138	2053
139	2156
140	2215
141	2316
142	2360
143	2406
144	2414
145	2534
146	2656
147	2674
148	2698
149	2654
150	2806
151	2870
152	2971
153	2985
154	3059
155	2983
156	3094
157	3208
158	3226
159	3393
160	3348
161	3450
162	3501
163	3633
164	3572
165	3716
166	3763
167	3887
168	3885
169	3855
170	3954
171	4165
172	3971
173	4153
174	4309
175	4357
176	4306
177	4309
178	4524
179	4639
180	4677
181	4907
182	4871
183	4830
184	4897
185	4963
186	4973
187	5060
188	5069
189	5269
190	5331
191	5467
192	5569
193	5407
194	5515
195	5591
196	5694
197	5617
198	5806
199	5951
200	5792
201	5851
202	6019
203	6056
204	6368
205	6026
206	6381
207	6273
208	6183
209	6434
210	6770
211	6670
212	6539
213	6524
214	6861
215	6872
216	6862
217	6954
218	7099
219	7139
220	7109
221	7063
222	7128
223	7386
224	7277
225	7430
226	7351
227	7474
228	7488
229	7497
230	7651
231	7688
232	7644
233	7704
234	7923
235	8112
236	8130
237	7819
238	8104
239	8399
240	8058
241	8319
242	8475
243	8491
244	8306
245	8332
246	8745
247	8674
248	8542
249	8674
250	8885
251	9160
252	8850
253	9072
254	8931
255	9409
256	9388
257	9355
258	9389
259	9562
260	9579
261	9653
262	9542
263	9798
264	9867
265	9853
266	10062
267	10069
268	10160
269	10464
270	10344
271	10353
272	10515
273	10616
274	10309
275	10663
276	10676
277	10821
278	10614
279	10906
280	11179
281	11101
282	11036
283	11304
284	11191
285	11401
286	11611
287	11475
288	11525
289	11686
290	11837
291	11477
292	11788
293	12070
294	12230
295	12140
296	11925
297	12153
298	12015
299	12477
300	12553
301	12601
302	12833
303	12829
304	12820
305	12641
306	12826
307	12777
308	13188
309	13334
310	13045
311	13294
312	13443
313	13558
314	13545
315	13479
316	13589
317	13559
318	13682
319	13722
320	14030
321	14198
322	14118
323	14237
324	14174
325	14058
326	14212
327	14383
328	14374
329	14540
330	14683
331	14370
332	14801
333	14715
334	14861
335	14730
336	14976
337	15148
338	14716
339	15334
340	15215
341	15119
342	15525
343	15455
344	15508
345	15444
346	15400
347	15405
348	15778
349	15712
350	15750
351	15710
352	16016
353	15890
354	15806
355	15897
356	15828
357	16100
358	15934
359	16422
360	16245
361	16148
362	16310
363	16516
364	16440
365	16347
366	16372
367	16331
368	16439
369	16546
370	16293
371	16576
372	16560
373	16582
374	16472
375	16797
376	16639
377	16466
378	16551
379	16724
380	16808
381	16662
382	16745
383	16534
384	16647
385	16845
386	16839
387	16603
388	16920
389	16630
390	16900
391	16920
392	16531
393	16946
394	16775
395	16926
396	16742
397	16895
398	16878
399	16588
400	16609
401	16695
402	16730
403	16579
404	16554
405	16590
406	16497
407	16617
408	16587
409	16446
410	16641
411	16686
412	16429
413	16741
414	16350
415	16346
416	16236
417	16374
418	16070
419	16222
420	16089
421	16093
422	16303
423	16208
424	16109
425	16056
426	15955
427	15938
428	15867
429	15825
430	15730
431	15780
432	15884
433	15417
434	15844
435	15802
436	15549
437	15561
438	15574
439	15213
440	15230
441	15396
442	15253
443	15238
444	15410
445	15448
446	15150
447	15023
448	14836
449	14704
450	14707
451	14968
452	14537
453	14425
454	14500
455	14554
456	14566
457	14542
458	14022
459	14209
460	14117
461	14224
462	14003
463	13967
464	13914
465	13910
466	13543
467	13640
468	13806
469	13621
470	13470
471	13299
472	13289
473	13540
474	13234
475	13323
476	13202
477	13034
478	12798
479	12835
480	12729
481	12711
482	12630
483	12489
484	12624
485	12465
486	12421
487	12250
488	12253
489	11973
490	11798
491	11764
492	11948
493	11842
494	11567
495	11740
496	11626
497	11614
498	11525
499	11375
500	11320
501	11382
502	11102
503	10928
504	11018
505	10700
506	10980
507	10926
508	10607
509	10677
510	10736
511	10423
512	10560
513	10355
514	10222
515	10189
516	10259
517	10107
518	10284
519	10206
520	10011
521	9918
522	9549
523	9710
524	9613
525	9554
526	9646
527	9326
528	9526
529	9206
530	9103
531	9099
532	8814
533	8962
534	8739
535	8818
536	8862
537	8614
538	8609
539	8609
540	8417
541	8517
542	8323
543	8188
544	8286
545	8187
546	8090
547	8096
548	7824
549	7788
550	7842
551	7876
552	7707
553	7598
554	7540
555	7257
556	7339
557	7501
558	7492
559	7216
560	7236
561	7204
562	7179
563	7120
564	7017
565	6945
566	6666
567	6657
568	6812
569	6661
570	6520
571	6282
572	6491
573	6379
574	6467
575	6391
576	6153
577	6037
578	6285
579	6287
580	6043
581	6010
582	5940
583	5774
584	5777
585	5918
586	5756
587	5610
588	5658
589	5602
590	5570
591	5411
592	5473
593	5310
594	5284
595	5220
596	5129
597	5131
598	5128
599	5047
600	4842
601	4985
602	4963
603	4918
604	4817
605	4726
606	4671
607	4594
608	4749
609	4523
610	4672
611	4447
612	4426
613	4369
614	4326
615	4326
616	4165
617	4289
618	4218
619	4177
620	4020
621	4026
622	4089
623	3940
624	3972
625	3879
626	3940
627	3862
628	3746
629	3779
630	3716
631	3582
632	3632
633	3630
634	3531
635	3534
636	3464
637	3410
638	3349
639	3339
640	3354
641	3412
642	3292
643	3233
644	3183
645	3262
646	3106
647	3005
648	2980
649	3100
650	3116
651	3022
652	2977
653	3031
654	2847
655	2838
656	2778
657	2809
658	2869
659	2770
660	2632
661	2672
662	2637
663	2598
664	2541
665	2494
666	2613
667	2438
668	2465
669	2426
670	2358
671	2378
672	2346
673	2396
674	2283
675	2311
676	2235
677	2262
678	2235
679	2209
680	2152
681	2137
682	2099
683	2089
684	2001
685	2004
686	1941
687	1966
688	1996
689	1926
690	1944
691	1863
692	1896
693	1766
694	1813
695	1818
696	1869
697	1637
698	1770
699	1704
700	1764
701	1730
702	1690
703	1642
704	1616
705	1571
706	1564
707	1640
708	1490
709	1493
710	1511
711	1425
712	1499
713	1449
714	1470
715	1380
716	1376
717	1319
718	1362
719	1416
720	1371
721	1297
722	1286
723	1289
724	1334
725	1250
726	1180
727	1225
728	1151
729	1257
730	1168
731	1107
732	1213
733	1131
734	1034
735	1150
736	1047
737	1014
738	1081
739	1017
740	1060
741	1002
742	1018
743	970
744	1010
745	933
746	964
747	941
748	841
749	891
750	816
751	915
752	901
753	823
754	862
755	877
756	810
757	787
758	871
759	770
760	806
761	795
762	797
763	776
764	770
765	748
766	664
767	697
768	715
769	655
770	722
771	702
772	681
773	618
774	641
775	641
776	585
777	630
778	654
779	605
780	602
781	536
782	560
783	558
784	544
785	610
786	525
787	541
788	554
789	532
790	562
791	509
792	562
793	476
794	498
795	487
796	546
797	483
798	434
799	414
800	434
801	465
802	410
803	415
804	441
805	433
806	433
807	417
808	403
809	414
810	385
811	390
812	415
813	409
814	370
815	355
816	362
817	363
818	355
819	326
820	348
821	382
822	361
823	338
824	329
825	313
826	322
827	289
828	351
829	301
830	312
831	305
832	287
833	280
834	296
835	308
836	263
837	269
838	246
839	248
840	244
841	260
842	237
843	272
844	242
845	223
846	220
847	258
848	209
849	231
850	226
851	215
852	207
853	222
854	176
855	176
856	218
857	217
858	204
859	200
860	187
861	203
862	208
863	173
864	186
865	172
866	174
867	174
868	174
869	166
870	179
871	178
872	155
873	135
874	144
875	154
876	164
877	146
878	149
879	140
880	149
881	159
882	165
883	152
884	142
885	174
886	153
887	147
888	120
889	153
890	129
891	137
892	105
893	120
894	124
895	123
896	126
897	122
898	106
899	119
900	104
901	111
902	78
903	120
904	120
905	111
906	105
907	103
908	97
909	84
910	81
911	127
912	91
913	85
914	97
915	98
916	94
917	96
918	83
919	97
920	96
921	86
922	90
923	81
924	69
925	82
926	80
927	71
928	62
929	94
930	85
931	75
932	74
933	86
934	84
935	69
936	66
937	63
938	68
939	66
940	46
941	63
942	71
943	55
944	69
945	72
946	69
947	57
948	75
949	51
950	58
951	61
952	54
953	53
954	57
955	58
956	62
957	67
958	49
959	50
960	63
961	47
962	53
963	55
964	44
965	38
966	43
967	45
968	53
969	51
970	52
971	45
972	41
973	46
974	44
975	55
976	56
977	48
978	53
979	65
980	51
981	53
982	39
983	48
984	45
985	32
986	52
987	48
988	40
989	47
990	21
991	33
992	39
993	46
994	39
995	32
996	40
997	51
998	28
999	37
1000	26
1001	28
1002	25
1003	29
1004	29
1005	32
1006	48
1007	22
1008	32
1009	18
1010	37
1011	34
1012	28
1013	24
1014	26
1015	24
1016	33
1017	21
1018	30
1019	34
1020	34
1021	19
1022	37
1023	37
1024	25
1025	17
1026	24
1027	13
1028	13
1029	15
1030	12
1031	20
1032	11
1033	14
1034	26
1035	12
1036	7
1037	17
1038	10
1039	8
1040	15
1041	12
1042	12
1043	14
1044	11
1045	16
1046	11
1047	10
1048	11
1049	13
1050	15
1051	16
1052	13
1053	9
1054	9
1055	12
1056	8
1057	14
1058	6
1059	13
1060	11
1061	11
1062	1
1063	11
1064	5
1065	6
1066	9
1067	9
1068	6
1069	13
1070	9
1071	6
1072	16
1073	12
1074	6
1075	15
1076	4
1077	5
1078	11
1079	9
1080	10
1081	12
1082	3
1083	10
1084	2
1085	7
1086	11
1087	5
1088	5
1089	10
1090	9
1091	7
1092	4
1093	7
1094	11
1095	3
1096	9
1097	5
1098	5
1099	8
1100	7
1101	5
1102	5
1103	5
1104	6
1105	8
1106	9
1107	9
1108	9
1109	5
1110	7
1111	6
1112	10
1113	8
1114	10
1115	5
1116	7
1117	3
1118	10
1119	2
1120	6
1121	6
1122	6
1123	8
1124	8
1125	4
1126	7
1127	6
1128	2
1129	7
1130	4
1131	7
1132	2
1133	7
1134	9
1135	1
1136	2
1137	10
1138	9
1139	3
1140	2
1141	6
1142	4
1143	7
1144	7
1145	4
1146	3
1147	5
1148	9
1149	5
1150	4
1151	2
1152	3
1153	7
1154	4
1155	5
1156	7
1157	2
1158	2
1159	4
1160	1
1161	4
1163	1
1164	2
1165	5
1166	2
1167	6
1168	5
1169	4
1170	1
1171	5
1172	1
1173	5
1174	4
1175	7
1176	8
1177	5
1178	2
1179	7
1180	4
1181	2
1183	2
1184	5
1185	4
1186	1
1187	3
1188	3
1189	5
1190	4
1191	2
1192	7
1193	3
1194	4
1195	2
1196	4
1197	2
1198	2
1199	5
1200	4
1201	3
1202	2
1203	4
1204	5
1205	2
1206	1
1207	9
1208	2
1209	1
1210	6
1211	3
1212	4
1213	1
1214	3
1215	5
1216	4
1217	4
1218	5
1219	2
1220	5
1221	3
1222	1
1223	3
1224	4
1225	8
1226	3
1227	7
1228	2
1229	4
1230	1
1231	6
1232	4
1233	2
1234	5
1235	2
1236	3
1237	4
1238	7
1239	2
1240	4
1242	4
1243	2
1244	2
1245	6
1246	3
1247	4
1248	2
1249	2
1250	5
1251	2
1252	2
1253	1
1254	2
1255	6
1256	6
1257	3
1258	5
1259	1
1261	6
1262	3
1263	3
1264	6
1265	2
1266	6
1267	3
1268	4
1269	2
1270	5
1271	3
1274	1
1275	2
1276	1
1277	4
1278	1
1279	2
1280	4
1281	4
1282	1
1283	3
1284	1
1286	2
1287	1
1288	4
1289	1
1290	1
1291	1
1292	2
1293	2
1294	7
1295	3
1296	4
1297	2
1298	6

