## htsjdk.samtools.metrics.StringHeader
# picard.analysis.CollectInsertSizeMetrics HISTOGRAM_FILE=../data/nyu_pipeline_results/CollectAlignmentSummaryMetrics/OM105.sorted.bam_insert_size_histogram.pdf INPUT=/home/vdp5/projects/vivax_cambodia/data/sequences_bam/OM105.sorted.bam OUTPUT=../data/nyu_pipeline_results/CollectAlignmentSummaryMetrics/OM105.sorted.bam_insert_metrics.txt    DEVIATIONS=10.0 MINIMUM_PCT=0.05 METRIC_ACCUMULATION_LEVEL=[ALL_READS] INCLUDE_DUPLICATES=false ASSUME_SORTED=true STOP_AFTER=0 VERBOSITY=INFO QUIET=false VALIDATION_STRINGENCY=STRICT COMPRESSION_LEVEL=5 MAX_RECORDS_IN_RAM=500000 CREATE_INDEX=false CREATE_MD5_FILE=false GA4GH_CLIENT_SECRETS=client_secrets.json
## htsjdk.samtools.metrics.StringHeader
# Started on: Tue Dec 06 14:32:23 EST 2016

## METRICS CLASS	picard.analysis.InsertSizeMetrics
MEDIAN_INSERT_SIZE	MEDIAN_ABSOLUTE_DEVIATION	MIN_INSERT_SIZE	MAX_INSERT_SIZE	MEAN_INSERT_SIZE	STANDARD_DEVIATION	READ_PAIRS	PAIR_ORIENTATION	WIDTH_OF_10_PERCENT	WIDTH_OF_20_PERCENT	WIDTH_OF_30_PERCENT	WIDTH_OF_40_PERCENT	WIDTH_OF_50_PERCENT	WIDTH_OF_60_PERCENT	WIDTH_OF_70_PERCENT	WIDTH_OF_80_PERCENT	WIDTH_OF_90_PERCENT	WIDTH_OF_99_PERCENT	SAMPLE	LIBRARY	READ_GROUP
208	47	2	2838141	198.30724	76.390724	1229856	FR	19	35	49	69	95	121	157	177	235	829			
1183	1168	2	2740934	1962.224914	2140.362943	309815	RF	1239	1757	2079	2203	2337	3531	3897	4371	5843	16493			

## HISTOGRAM	java.lang.Integer
insert_size	All_Reads.fr_count	All_Reads.rf_count
2	20	557
3	15	3212
4	9	2462
5	10	1036
6	20	1424
7	22	1078
8	35	2144
9	41	1604
10	30	795
11	44	939
12	72	1017
13	30	1830
14	34	730
15	66	669
16	30	955
17	65	891
18	56	541
19	53	1905
20	66	2139
21	69	827
22	105	412
23	108	468
24	134	457
25	98	351
26	108	421
27	142	506
28	133	417
29	148	530
30	339	453
31	241	300
32	293	315
33	257	312
34	190	235
35	461	697
36	372	294
37	322	342
38	330	1470
39	365	224
40	348	422
41	394	294
42	359	254
43	425	222
44	426	482
45	363	332
46	395	266
47	445	728
48	384	302
49	426	218
50	839	1378
51	423	237
52	470	272
53	535	290
54	391	246
55	433	385
56	335	218
57	296	269
58	300	294
59	268	303
60	290	259
61	291	231
62	269	283
63	559	229
64	360	228
65	462	186
66	822	243
67	846	250
68	914	318
69	1107	239
70	1437	216
71	1803	258
72	1825	199
73	2418	325
74	1913	569
75	1746	253
76	2179	223
77	2037	406
78	1841	1008
79	1901	327
80	2375	348
81	2393	326
82	2436	746
83	4629	429
84	2560	691
85	2497	359
86	2097	491
87	1822	359
88	2334	484
89	2181	299
90	3010	369
91	2105	402
92	1726	366
93	2423	384
94	2083	466
95	4491	440
96	1877	352
97	1974	370
98	2158	330
99	2100	337
100	3829	437
101	1576	409
102	1566	582
103	1532	483
104	1786	712
105	2079	477
106	3470	682
107	2198	501
108	2295	753
109	2624	479
110	3067	560
111	3794	612
112	4537	613
113	4705	462
114	4113	449
115	3736	411
116	3809	761
117	4376	473
118	4930	602
119	6157	456
120	4868	401
121	7093	412
122	14009	734
123	16831	1047
124	18370	405
125	7839	353
126	2855	507
127	3678	395
128	4758	327
129	8098	496
130	8178	649
131	7308	420
132	4095	588
133	3692	465
134	2837	448
135	3283	326
136	3789	276
137	4346	356
138	3440	2562
139	4064	195
140	3977	252
141	4972	223
142	6450	168
143	3536	185
144	3351	149
145	7763	475
146	5554	191
147	4864	197
148	5275	155
149	4365	363
150	4349	242
151	7934	444
152	4206	598
153	6340	434
154	6282	299
155	15287	882
156	11662	742
157	3754	344
158	4049	355
159	4429	342
160	8548	361
161	12473	327
162	4399	620
163	3107	205
164	3332	172
165	3021	240
166	3695	384
167	5378	198
168	6292	654
169	4190	169
170	3632	316
171	3190	446
172	9561	289
173	5356	197
174	3572	183
175	3114	145
176	3092	132
177	3768	102
178	3369	165
179	6979	176
180	3278	543
181	3252	563
182	2897	287
183	3414	442
184	3343	137
185	3882	275
186	3241	125
187	3478	175
188	2899	994
189	3230	354
190	3459	256
191	3535	135
192	2843	348
193	2937	254
194	3905	161
195	3426	64
196	3305	162
197	3512	89
198	3616	89
199	3526	40
200	3922	335
201	3584	93
202	4130	186
203	4451	51
204	4934	149
205	4844	55
206	6768	113
207	5950	343
208	5741	209
209	6502	2021
210	8440	884
211	7363	184
212	8694	96
213	8827	115
214	9725	210
215	9819	76
216	10443	76
217	11675	89
218	12532	70
219	12197	384
220	13912	117
221	13048	152
222	13292	719
223	13908	91
224	13860	76
225	13809	147
226	16005	47
227	13820	98
228	13193	38
229	13198	60
230	12328	78
231	11806	53
232	11416	52
233	10786	50
234	10496	86
235	9677	52
236	9050	687
237	8615	33
238	7898	137
239	7754	116
240	6575	41
241	6292	56
242	5584	35
243	5414	44
244	4933	35
245	4630	21
246	8601	22
247	3966	36
248	3559	25
249	3320	40
250	3121	80
251	3042	46
252	3446	325
253	2961	48
254	2706	42
255	3321	37
256	3395	37
257	7184	41
258	2378	23
259	2146	28
260	2277	31
261	2280	13
262	2265	26
263	2270	25
264	2180	24
265	2272	26
266	2203	19
267	2107	18
268	2121	25
269	2037	35
270	2130	24
271	2051	21
272	2350	26
273	2989	29
274	2266	21
275	2363	26
276	2692	14
277	2475	29
278	2398	33
279	2504	33
280	2466	39
281	2504	60
282	2639	48
283	2575	39
284	2610	40
285	2577	41
286	2602	24
287	2688	24
288	7474	28
289	2676	28
290	2952	23
291	2501	25
292	2346	44
293	2337	55
294	2307	31
295	3170	24
296	2381	23
297	1803	18
298	1732	47
299	1708	152
300	1618	585
301	1772	107
302	1405	98
303	1185	100
304	1166	263
305	915	250
306	1144	103
307	749	120
308	688	110
309	644	101
310	615	109
311	652	77
312	576	99
313	617	126
314	523	205
315	560	129
316	478	268
317	506	123
318	647	142
319	758	128
320	647	104
321	1326	80
322	874	88
323	4606	105
324	1300	47
325	2236	54
326	545	48
327	433	56
328	538	70
329	1279	45
330	1624	56
331	1122	252
332	810	63
333	270	90
334	304	154
335	250	54
336	278	47
337	236	49
338	243	41
339	232	27
340	235	120
341	221	71
342	215	221
343	242	125
344	241	1158
345	231	229
346	209	233
347	243	151
348	223	52
349	226	71
350	278	106
351	232	81
352	205	161
353	248	120
354	225	192
355	218	180
356	209	66
357	246	56
358	234	45
359	293	49
360	322	175
361	271	100
362	286	82
363	253	158
364	265	132
365	252	61
366	366	44
367	256	47
368	249	29
369	191	33
370	185	23
371	197	25
372	221	78
373	204	94
374	201	42
375	202	52
376	203	55
377	221	41
378	174	58
379	155	46
380	177	125
381	163	48
382	138	43
383	153	79
384	157	55
385	150	54
386	155	62
387	144	45
388	145	34
389	131	66
390	133	46
391	133	75
392	121	44
393	137	44
394	150	46
395	121	37
396	130	52
397	142	26
398	155	42
399	152	19
400	150	27
401	138	30
402	149	37
403	145	30
404	156	28
405	168	17
406	127	30
407	126	19
408	163	33
409	120	32
410	135	31
411	138	24
412	119	30
413	133	30
414	131	27
415	105	22
416	138	21
417	144	22
418	122	37
419	145	38
420	126	21
421	141	32
422	147	33
423	130	28
424	143	13
425	139	30
426	131	30
427	158	23
428	129	21
429	124	22
430	142	33
431	119	33
432	126	32
433	128	24
434	134	32
435	139	41
436	125	108
437	141	44
438	127	23
439	137	28
440	116	33
441	145	73
442	118	56
443	134	69
444	128	90
445	131	78
446	119	97
447	121	89
448	131	118
449	123	113
450	131	256
451	119	181
452	110	469
453	112	268
454	107	313
455	105	267
456	139	312
457	136	227
458	126	262
459	122	275
460	137	421
461	117	297
462	105	541
463	120	318
464	103	481
465	185	238
466	111	282
467	116	293
468	133	277
469	114	272
470	134	321
471	121	349
472	131	245
473	113	246
474	105	240
475	104	252
476	124	196
477	122	200
478	187	200
479	117	447
480	115	154
481	120	181
482	121	154
483	138	125
484	140	131
485	112	153
486	126	130
487	180	143
488	135	119
489	143	131
490	136	143
491	129	98
492	116	191
493	107	126
494	114	97
495	109	738
496	104	70
497	91	109
498	103	74
499	102	92
500	83	113
501	99	91
502	105	98
503	101	126
504	147	791
505	94	102
506	79	227
507	92	267
508	89	460
509	75	112
510	91	103
511	115	106
512	97	58
513	95	102
514	90	128
515	87	64
516	76	141
517	71	67
518	91	79
519	74	123
520	100	55
521	105	53
522	107	48
523	64	49
524	96	97
525	87	49
526	80	28
527	94	33
528	70	69
529	88	85
530	75	45
531	94	38
532	85	35
533	87	37
534	89	26
535	92	15
536	80	40
537	73	23
538	75	128
539	75	26
540	63	50
541	76	26
542	60	39
543	79	23
544	85	31
545	77	15
546	56	20
547	71	22
548	77	19
549	76	15
550	70	26
551	86	23
552	91	17
553	71	29
554	74	25
555	66	18
556	73	12
557	67	21
558	54	16
559	82	12
560	81	10
561	69	9
562	80	16
563	64	30
564	60	41
565	76	15
566	61	11
567	59	15
568	59	23
569	49	15
570	80	8
571	67	19
572	53	20
573	64	18
574	66	17
575	65	33
576	53	32
577	57	23
578	53	19
579	60	6
580	50	16
581	58	71
582	61	46
583	54	15
584	50	24
585	58	8
586	56	19
587	55	14
588	45	15
589	57	17
590	47	21
591	54	12
592	40	12
593	62	17
594	42	30
595	55	28
596	36	10
597	36	25
598	40	15
599	49	17
600	47	27
601	42	45
602	50	34
603	50	14
604	61	19
605	42	15
606	49	36
607	43	23
608	47	18
609	36	68
610	56	14
611	41	37
612	50	22
613	52	13
614	37	25
615	32	19
616	46	27
617	25	55
618	43	35
619	46	49
620	38	42
621	32	25
622	44	117
623	42	25
624	50	22
625	32	32
626	39	34
627	39	18
628	38	29
629	42	24
630	43	9
631	39	27
632	53	10
633	50	19
634	34	22
635	28	10
636	44	25
637	44	40
638	31	29
639	31	34
640	38	22
641	35	27
642	40	11
643	28	15
644	40	22
645	30	13
646	29	29
647	27	16
648	23	17
649	34	14
650	25	7
651	28	15
652	21	13
653	36	23
654	31	20
655	40	29
656	28	32
657	36	33
658	34	17
659	21	11
660	27	17
661	26	20
662	25	43
663	28	21
664	28	31
665	37	11
666	27	17
667	24	13
668	22	10
669	27	14
670	24	17
671	27	20
672	26	25
673	29	13
674	30	13
675	33	9
676	17	12
677	33	7
678	22	22
679	0	17
680	0	15
681	0	13
682	0	15
683	0	12
684	0	26
685	0	36
686	0	29
687	0	15
688	0	24
689	0	33
690	0	47
691	0	67
692	0	89
693	0	67
694	0	48
695	0	38
696	0	60
697	0	42
698	0	34
699	0	25
700	0	26
701	0	16
702	0	19
703	0	23
704	0	16
705	0	20
706	0	17
707	0	21
708	0	20
709	0	20
710	0	17
711	0	24
712	0	19
713	0	22
714	0	20
715	0	25
716	0	56
717	0	18
718	0	34
719	0	28
720	0	37
721	0	23
722	0	21
723	0	25
724	0	14
725	0	29
726	0	23
727	0	21
728	0	25
729	0	25
730	0	22
731	0	54
732	0	33
733	0	30
734	0	24
735	0	25
736	0	27
737	0	23
738	0	29
739	0	39
740	0	29
741	0	32
742	0	30
743	0	26
744	0	23
745	0	30
746	0	26
747	0	32
748	0	24
749	0	34
750	0	30
751	0	29
752	0	49
753	0	50
754	0	41
755	0	38
756	0	38
757	0	29
758	0	33
759	0	60
760	0	33
761	0	38
762	0	50
763	0	39
764	0	48
765	0	43
766	0	30
767	0	36
768	0	28
769	0	26
770	0	30
771	0	14
772	0	13
773	0	15
774	0	36
775	0	13
776	0	17
777	0	12
778	0	18
779	0	17
780	0	11
781	0	20
782	0	26
783	0	39
784	0	59
785	0	79
786	0	233
787	0	235
788	0	206
789	0	116
790	0	152
791	0	184
792	0	181
793	0	166
794	0	124
795	0	93
796	0	102
797	0	77
798	0	74
799	0	65
800	0	39
801	0	27
802	0	16
803	0	18
804	0	23
805	0	12
806	0	14
807	0	19
808	0	20
809	0	17
810	0	30
811	0	13
812	0	22
813	0	15
814	0	19
815	0	19
816	0	16
817	0	26
818	0	23
819	0	15
820	0	25
821	0	27
822	0	21
823	0	39
824	0	48
825	0	31
826	0	37
827	0	63
828	0	50
829	0	51
830	0	44
831	0	44
832	0	45
833	0	56
834	0	66
835	0	168
836	0	337
837	0	302
838	0	211
839	0	175
840	0	168
841	0	189
842	0	162
843	0	101
844	0	71
845	0	53
846	0	30
847	0	31
848	0	31
849	0	22
850	0	26
851	0	16
852	0	21
853	0	15
854	0	14
855	0	16
856	0	14
857	0	12
858	0	11
859	0	16
860	0	13
861	0	17
862	0	19
863	0	14
864	0	14
865	0	13
866	0	25
867	0	15
868	0	19
869	0	36
870	0	60
871	0	26
872	0	32
873	0	40
874	0	37
875	0	38
876	0	52
877	0	73
878	0	77
879	0	39
880	0	52
881	0	37
882	0	43
883	0	38
884	0	34
885	0	25
886	0	28
887	0	16
888	0	13
889	0	15
890	0	15
891	0	15
892	0	11
893	0	22
894	0	10
895	0	13
896	0	13
897	0	11
898	0	13
899	0	12
900	0	15
901	0	10
902	0	10
903	0	11
904	0	12
905	0	19
906	0	36
907	0	19
908	0	23
909	0	16
910	0	18
911	0	15
912	0	16
913	0	23
914	0	30
915	0	16
916	0	25
917	0	28
918	0	38
919	0	22
920	0	22
921	0	34
922	0	54
923	0	51
924	0	63
925	0	29
926	0	38
927	0	37
928	0	27
929	0	39
930	0	28
931	0	21
932	0	15
933	0	15
934	0	15
935	0	15
936	0	19
937	0	27
938	0	15
939	0	26
940	0	22
941	0	14
942	0	20
943	0	6
944	0	15
945	0	15
946	0	18
947	0	20
948	0	15
949	0	20
950	0	8
951	0	8
952	0	6
953	0	13
954	0	8
955	0	7
956	0	7
957	0	9
958	0	13
959	0	10
960	0	7
961	0	12
962	0	12
963	0	15
964	0	10
965	0	7
966	0	11
967	0	9
968	0	15
969	0	9
970	0	12
971	0	10
972	0	16
973	0	6
974	0	7
975	0	3
976	0	10
977	0	12
978	0	6
979	0	7
980	0	7
981	0	7
982	0	6
983	0	4
984	0	9
985	0	10
986	0	12
987	0	12
988	0	13
989	0	11
990	0	7
991	0	7
992	0	8
993	0	13
994	0	11
995	0	6
996	0	10
997	0	2
998	0	8
999	0	8
1000	0	2
1001	0	10
1002	0	4
1003	0	9
1004	0	3
1005	0	9
1006	0	10
1007	0	12
1008	0	8
1009	0	6
1010	0	6
1011	0	10
1012	0	8
1013	0	8
1014	0	4
1015	0	10
1016	0	5
1017	0	12
1018	0	9
1019	0	7
1020	0	9
1021	0	12
1022	0	9
1023	0	15
1024	0	17
1025	0	7
1026	0	8
1027	0	12
1028	0	13
1029	0	6
1030	0	20
1031	0	15
1032	0	13
1033	0	8
1034	0	12
1035	0	11
1036	0	6
1037	0	14
1038	0	11
1039	0	7
1040	0	7
1041	0	10
1042	0	5
1043	0	10
1044	0	14
1045	0	10
1046	0	1
1047	0	9
1048	0	14
1049	0	7
1050	0	18
1051	0	5
1052	0	5
1053	0	12
1054	0	6
1055	0	8
1056	0	12
1057	0	12
1058	0	8
1059	0	12
1060	0	22
1061	0	16
1062	0	12
1063	0	15
1064	0	11
1065	0	14
1066	0	6
1067	0	11
1068	0	12
1069	0	7
1070	0	5
1071	0	8
1072	0	11
1073	0	7
1074	0	9
1075	0	2
1076	0	12
1077	0	13
1078	0	8
1079	0	14
1080	0	12
1081	0	11
1082	0	15
1083	0	6
1084	0	11
1085	0	10
1086	0	12
1087	0	10
1088	0	16
1089	0	9
1090	0	13
1091	0	13
1092	0	12
1093	0	8
1094	0	9
1095	0	5
1096	0	19
1097	0	10
1098	0	17
1099	0	12
1100	0	7
1101	0	11
1102	0	12
1103	0	6
1104	0	7
1105	0	9
1106	0	11
1107	0	18
1108	0	6
1109	0	13
1110	0	10
1111	0	5
1112	0	18
1113	0	30
1114	0	11
1115	0	9
1116	0	10
1117	0	14
1118	0	11
1119	0	9
1120	0	11
1121	0	12
1122	0	4
1123	0	10
1124	0	17
1125	0	11
1126	0	12
1127	0	11
1128	0	18
1129	0	43
1130	0	52
1131	0	34
1132	0	24
1133	0	37
1134	0	51
1135	0	96
1136	0	106
1137	0	84
1138	0	61
1139	0	57
1140	0	63
1141	0	65
1142	0	43
1143	0	55
1144	0	31
1145	0	32
1146	0	36
1147	0	40
1148	0	40
1149	0	39
1150	0	27
1151	0	28
1152	0	26
1153	0	27
1154	0	23
1155	0	16
1156	0	20
1157	0	25
1158	0	13
1159	0	13
1160	0	23
1161	0	25
1162	0	25
1163	0	20
1164	0	19
1165	0	13
1166	0	24
1167	0	10
1168	0	19
1169	0	14
1170	0	12
1171	0	8
1172	0	13
1173	0	19
1174	0	28
1175	0	20
1176	0	18
1177	0	10
1178	0	23
1179	0	29
1180	0	29
1181	0	24
1182	0	25
1183	0	46
1184	0	58
1185	0	34
1186	0	30
1187	0	23
1188	0	26
1189	0	21
1190	0	27
1191	0	57
1192	0	33
1193	0	26
1194	0	24
1195	0	42
1196	0	65
1197	0	149
1198	0	63
1199	0	64
1200	0	48
1201	0	59
1202	0	72
1203	0	76
1204	0	74
1205	0	80
1206	0	90
1207	0	85
1208	0	75
1209	0	67
1210	0	62
1211	0	41
1212	0	52
1213	0	34
1214	0	45
1215	0	44
1216	0	27
1217	0	17
1218	0	24
1219	0	30
1220	0	35
1221	0	20
1222	0	18
1223	0	16
1224	0	34
1225	0	23
1226	0	28
1227	0	34
1228	0	97
1229	0	118
1230	0	379
1231	0	1306
1232	0	235
1233	0	162
1234	0	186
1235	0	165
1236	0	203
1237	0	326
1238	0	334
1239	0	230
1240	0	131
1241	0	85
1242	0	43
1243	0	38
1244	0	35
1245	0	31
1246	0	40
1247	0	29
1248	0	28
1249	0	24
1250	0	17
1251	0	30
1252	0	25
1253	0	22
1254	0	12
1255	0	21
1256	0	31
1257	0	26
1258	0	32
1259	0	25
1260	0	29
1261	0	21
1262	0	24
1263	0	11
1264	0	18
1265	0	10
1266	0	23
1267	0	16
1268	0	10
1269	0	15
1270	0	16
1271	0	17
1272	0	11
1273	0	14
1274	0	16
1275	0	12
1276	0	13
1277	0	19
1278	0	13
1279	0	14
1280	0	14
1281	0	12
1282	0	14
1283	0	18
1284	0	18
1285	0	17
1286	0	16
1287	0	9
1288	0	16
1289	0	9
1290	0	10
1291	0	10
1292	0	13
1293	0	9
1294	0	17
1295	0	12
1296	0	12
1297	0	16
1298	0	22
1299	0	21
1300	0	16
1301	0	10
1302	0	10
1303	0	10
1304	0	11
1305	0	12
1306	0	27
1307	0	21
1308	0	20
1309	0	15
1310	0	17
1311	0	10
1312	0	19
1313	0	14
1314	0	23
1315	0	28
1316	0	24
1317	0	29
1318	0	22
1319	0	25
1320	0	40
1321	0	28
1322	0	30
1323	0	25
1324	0	24
1325	0	29
1326	0	22
1327	0	30
1328	0	43
1329	0	32
1330	0	32
1331	0	22
1332	0	18
1333	0	29
1334	0	14
1335	0	21
1336	0	16
1337	0	18
1338	0	18
1339	0	15
1340	0	5
1341	0	6
1342	0	18
1343	0	10
1344	0	11
1345	0	7
1346	0	11
1347	0	15
1348	0	11
1349	0	18
1350	0	41
1351	0	66
1352	0	102
1353	0	101
1354	0	262
1355	0	116
1356	0	86
1357	0	66
1358	0	61
1359	0	77
1360	0	74
1361	0	65
1362	0	78
1363	0	39
1364	0	40
1365	0	11
1366	0	7
1367	0	8
1368	0	10
1369	0	8
1370	0	7
1371	0	6
1372	0	6
1373	0	4
1374	0	9
1375	0	8
1376	0	4
1377	0	4
1378	0	9
1379	0	6
1380	0	5
1381	0	5
1382	0	7
1383	0	6
1384	0	3
1385	0	10
1386	0	7
1387	0	12
1388	0	8
1389	0	9
1390	0	16
1391	0	6
1392	0	8
1393	0	5
1394	0	6
1395	0	17
1396	0	9
1397	0	9
1398	0	13
1399	0	13
1400	0	12
1401	0	13
1402	0	12
1403	0	15
1404	0	9
1405	0	12
1406	0	5
1407	0	10
1408	0	10
1409	0	12
1410	0	16
1411	0	24
1412	0	21
1413	0	15
1414	0	25
1415	0	18
1416	0	7
1417	0	16
1418	0	14
1419	0	16
1420	0	9
1421	0	13
1422	0	19
1423	0	17
1424	0	15
1425	0	19
1426	0	16
1427	0	15
1428	0	7
1429	0	9
1430	0	11
1431	0	12
1432	0	12
1433	0	8
1434	0	8
1435	0	7
1436	0	11
1437	0	10
1438	0	7
1439	0	7
1440	0	13
1441	0	10
1442	0	3
1443	0	4
1444	0	7
1445	0	10
1446	0	8
1447	0	7
1448	0	9
1449	0	2
1450	0	13
1451	0	7
1452	0	3
1453	0	10
1454	0	7
1455	0	5
1456	0	6
1457	0	7
1458	0	8
1459	0	11
1460	0	10
1461	0	13
1462	0	7
1463	0	11
1464	0	7
1465	0	7
1466	0	12
1467	0	14
1468	0	12
1469	0	9
1470	0	11
1471	0	14
1472	0	6
1473	0	10
1474	0	11
1475	0	12
1476	0	6
1477	0	10
1478	0	8
1479	0	7
1480	0	4
1481	0	6
1482	0	9
1483	0	9
1484	0	14
1485	0	8
1486	0	9
1487	0	5
1488	0	8
1489	0	7
1490	0	7
1491	0	24
1492	0	5
1493	0	9
1494	0	8
1495	0	9
1496	0	8
1497	0	6
1498	0	9
1499	0	14
1500	0	13
1501	0	6
1502	0	8
1503	0	3
1504	0	4
1505	0	9
1506	0	6
1507	0	10
1508	0	4
1509	0	12
1510	0	5
1511	0	11
1512	0	12
1513	0	11
1514	0	10
1515	0	14
1516	0	10
1517	0	8
1518	0	17
1519	0	8
1520	0	7
1521	0	3
1522	0	9
1523	0	10
1524	0	10
1525	0	9
1526	0	9
1527	0	12
1528	0	12
1529	0	11
1530	0	15
1531	0	13
1532	0	10
1533	0	10
1534	0	9
1535	0	12
1536	0	8
1537	0	12
1538	0	12
1539	0	11
1540	0	6
1541	0	17
1542	0	8
1543	0	11
1544	0	17
1545	0	14
1546	0	12
1547	0	13
1548	0	12
1549	0	11
1550	0	12
1551	0	8
1552	0	9
1553	0	14
1554	0	20
1555	0	14
1556	0	14
1557	0	25
1558	0	17
1559	0	11
1560	0	10
1561	0	16
1562	0	10
1563	0	15
1564	0	11
1565	0	8
1566	0	15
1567	0	10
1568	0	10
1569	0	13
1570	0	15
1571	0	15
1572	0	16
1573	0	21
1574	0	8
1575	0	16
1576	0	14
1577	0	14
1578	0	9
1579	0	14
1580	0	24
1581	0	15
1582	0	14
1583	0	13
1584	0	16
1585	0	14
1586	0	7
1587	0	12
1588	0	10
1589	0	16
1590	0	5
1591	0	14
1592	0	21
1593	0	13
1594	0	13
1595	0	20
1596	0	20
1597	0	8
1598	0	8
1599	0	8
1600	0	30
1601	0	7
1602	0	13
1603	0	8
1604	0	7
1605	0	7
1606	0	5
1607	0	7
1608	0	11
1609	0	7
1610	0	3
1611	0	8
1612	0	9
1613	0	15
1614	0	8
1615	0	10
1616	0	11
1617	0	10
1618	0	14
1619	0	12
1620	0	5
1621	0	13
1622	0	15
1623	0	6
1624	0	14
1625	0	9
1626	0	16
1627	0	7
1628	0	5
1629	0	10
1630	0	6
1631	0	9
1632	0	6
1633	0	11
1634	0	4
1635	0	6
1636	0	10
1637	0	7
1638	0	10
1639	0	7
1640	0	8
1641	0	9
1642	0	16
1643	0	10
1644	0	9
1645	0	7
1646	0	6
1647	0	4
1648	0	10
1649	0	12
1650	0	11
1651	0	3
1652	0	11
1653	0	13
1654	0	10
1655	0	12
1656	0	17
1657	0	10
1658	0	14
1659	0	14
1660	0	18
1661	0	15
1662	0	16
1663	0	7
1664	0	7
1665	0	9
1666	0	17
1667	0	10
1668	0	14
1669	0	6
1670	0	10
1671	0	8
1672	0	14
1673	0	8
1674	0	13
1675	0	9
1676	0	3
1677	0	9
1678	0	11
1679	0	4
1680	0	4
1681	0	4
1682	0	8
1683	0	6
1684	0	6
1685	0	15
1686	0	8
1687	0	11
1688	0	10
1689	0	13
1690	0	36
1691	0	17
1692	0	20
1693	0	12
1694	0	12
1695	0	14
1696	0	16
1697	0	14
1698	0	13
1699	0	17
1700	0	18
1701	0	15
1702	0	6
1703	0	7
1704	0	8
1705	0	17
1706	0	13
1707	0	10
1708	0	11
1709	0	14
1710	0	7
1711	0	12
1712	0	10
1713	0	9
1714	0	8
1715	0	9
1716	0	10
1717	0	8
1718	0	10
1719	0	8
1720	0	8
1721	0	13
1722	0	11
1723	0	15
1724	0	8
1725	0	7
1726	0	13
1727	0	9
1728	0	11
1729	0	9
1730	0	16
1731	0	10
1732	0	17
1733	0	6
1734	0	8
1735	0	12
1736	0	9
1737	0	16
1738	0	5
1739	0	10
1740	0	16
1741	0	12
1742	0	11
1743	0	12
1744	0	12
1745	0	10
1746	0	4
1747	0	11
1748	0	6
1749	0	5
1750	0	14
1751	0	11
1752	0	17
1753	0	12
1754	0	18
1755	0	12
1756	0	16
1757	0	8
1758	0	10
1759	0	11
1760	0	17
1761	0	10
1762	0	13
1763	0	16
1764	0	14
1765	0	13
1766	0	11
1767	0	7
1768	0	10
1769	0	18
1770	0	8
1771	0	11
1772	0	10
1773	0	5
1774	0	13
1775	0	15
1776	0	15
1777	0	10
1778	0	9
1779	0	10
1780	0	9
1781	0	20
1782	0	9
1783	0	15
1784	0	8
1785	0	5
1786	0	5
1787	0	11
1788	0	10
1789	0	7
1790	0	2
1791	0	9
1792	0	6
1793	0	12
1794	0	5
1795	0	16
1796	0	6
1797	0	4
1798	0	8
1799	0	8
1800	0	6
1801	0	9
1802	0	8
1803	0	10
1804	0	3
1805	0	11
1806	0	7
1807	0	13
1808	0	11
1809	0	7
1810	0	12
1811	0	7
1812	0	9
1813	0	5
1814	0	8
1815	0	9
1816	0	4
1817	0	8
1818	0	8
1819	0	11
1820	0	8
1821	0	9
1822	0	11
1823	0	8
1824	0	17
1825	0	16
1826	0	12
1827	0	13
1828	0	5
1829	0	13
1830	0	8
1831	0	10
1832	0	9
1833	0	5
1834	0	1
1835	0	10
1836	0	5
1837	0	10
1838	0	3
1839	0	6
1840	0	4
1841	0	10
1842	0	9
1843	0	5
1844	0	12
1845	0	18
1846	0	9
1847	0	13
1848	0	8
1849	0	4
1850	0	9
1851	0	12
1852	0	10
1853	0	8
1854	0	18
1855	0	13
1856	0	13
1857	0	11
1858	0	11
1859	0	15
1860	0	16
1861	0	21
1862	0	20
1863	0	18
1864	0	6
1865	0	12
1866	0	11
1867	0	8
1868	0	9
1869	0	11
1870	0	12
1871	0	9
1872	0	3
1873	0	14
1874	0	12
1875	0	15
1876	0	15
1877	0	16
1878	0	13
1879	0	13
1880	0	15
1881	0	7
1882	0	10
1883	0	9
1884	0	10
1885	0	7
1886	0	11
1887	0	5
1888	0	6
1889	0	21
1890	0	7
1891	0	10
1892	0	8
1893	0	9
1894	0	9
1895	0	6
1896	0	7
1897	0	10
1898	0	11
1899	0	4
1900	0	6
1901	0	7
1902	0	13
1903	0	6
1904	0	13
1905	0	8
1906	0	14
1907	0	6
1908	0	11
1909	0	7
1910	0	9
1911	0	10
1912	0	9
1913	0	14
1914	0	17
1915	0	11
1916	0	16
1917	0	10
1918	0	10
1919	0	9
1920	0	19
1921	0	16
1922	0	12
1923	0	10
1924	0	13
1925	0	13
1926	0	10
1927	0	13
1928	0	10
1929	0	11
1930	0	31
1931	0	17
1932	0	22
1933	0	15
1934	0	11
1935	0	14
1936	0	14
1937	0	13
1938	0	19
1939	0	10
1940	0	13
1941	0	12
1942	0	15
1943	0	17
1944	0	14
1945	0	16
1946	0	6
1947	0	10
1948	0	13
1949	0	12
1950	0	8
1951	0	10
1952	0	9
1953	0	9
1954	0	14
1955	0	12
1956	0	13
1957	0	10
1958	0	11
1959	0	9
1960	0	10
1961	0	9
1962	0	15
1963	0	19
1964	0	13
1965	0	7
1966	0	3
1967	0	7
1968	0	11
1969	0	11
1970	0	13
1971	0	18
1972	0	14
1973	0	5
1974	0	6
1975	0	6
1976	0	8
1977	0	7
1978	0	12
1979	0	9
1980	0	10
1981	0	14
1982	0	12
1983	0	8
1984	0	6
1985	0	11
1986	0	6
1987	0	9
1988	0	4
1989	0	13
1990	0	5
1991	0	7
1992	0	6
1993	0	10
1994	0	11
1995	0	15
1996	0	11
1997	0	18
1998	0	9
1999	0	13
2000	0	8
2001	0	7
2002	0	13
2003	0	5
2004	0	8
2005	0	9
2006	0	5
2007	0	7
2008	0	5
2009	0	29
2010	0	5
2011	0	7
2012	0	8
2013	0	10
2014	0	6
2015	0	8
2016	0	6
2017	0	8
2019	0	9
2020	0	6
2021	0	7
2022	0	6
2023	0	6
2024	0	7
2025	0	3
2026	0	6
2027	0	10
2028	0	5
2029	0	2
2030	0	7
2031	0	10
2032	0	10
2033	0	8
2034	0	12
2035	0	9
2036	0	9
2037	0	10
2038	0	12
2039	0	3
2040	0	10
2041	0	5
2042	0	2
2043	0	7
2044	0	7
2045	0	11
2046	0	11
2047	0	6
2048	0	16
2049	0	10
2050	0	11
2051	0	8
2052	0	9
2053	0	11
2054	0	8
2055	0	6
2056	0	9
2057	0	11
2058	0	8
2059	0	13
2060	0	9
2061	0	10
2062	0	10
2063	0	9
2064	0	11
2065	0	7
2066	0	12
2067	0	9
2068	0	13
2069	0	12
2070	0	14
2071	0	13
2072	0	10
2073	0	7
2074	0	9
2075	0	4
2076	0	11
2077	0	7
2078	0	10
2079	0	21
2080	0	11
2081	0	10
2082	0	10
2083	0	8
2084	0	15
2085	0	13
2086	0	19
2087	0	17
2088	0	19
2089	0	23
2090	0	22
2091	0	17
2092	0	12
2093	0	15
2094	0	22
2095	0	15
2096	0	16
2097	0	15
2098	0	15
2099	0	10
2100	0	10
2101	0	7
2102	0	10
2103	0	12
2104	0	9
2105	0	8
2106	0	2
2107	0	9
2108	0	9
2109	0	11
2110	0	12
2111	0	14
2112	0	3
2113	0	13
2114	0	11
2115	0	13
2116	0	11
2117	0	7
2118	0	6
2119	0	5
2120	0	9
2121	0	11
2122	0	4
2123	0	12
2124	0	6
2125	0	13
2126	0	7
2127	0	8
2128	0	9
2129	0	11
2130	0	5
2131	0	6
2132	0	3
2133	0	6
2134	0	9
2135	0	8
2136	0	4
2137	0	3
2138	0	6
2139	0	3
2140	0	5
2141	0	8
2142	0	7
2143	0	7
2144	0	6
2145	0	7
2146	0	1
2147	0	8
2148	0	7
2149	0	4
2150	0	7
2151	0	6
2152	0	5
2153	0	8
2154	0	15
2155	0	9
2156	0	5
2157	0	7
2158	0	6
2159	0	11
2160	0	11
2161	0	6
2162	0	16
2163	0	11
2164	0	20
2165	0	12
2166	0	17
2167	0	9
2168	0	25
2169	0	4
2170	0	9
2171	0	8
2172	0	9
2173	0	7
2174	0	10
2175	0	9
2176	0	14
2177	0	14
2178	0	13
2179	0	16
2180	0	13
2181	0	7
2182	0	6
2183	0	11
2184	0	7
2185	0	11
2186	0	13
2187	0	3
2188	0	8
2189	0	8
2190	0	10
2191	0	14
2192	0	8
2193	0	7
2194	0	9
2195	0	1
2196	0	6
2197	0	8
2198	0	8
2199	0	3
2200	0	11
2201	0	5
2202	0	7
2203	0	10
2204	0	8
2205	0	11
2206	0	8
2207	0	4
2208	0	2
2209	0	4
2210	0	5
2211	0	6
2212	0	5
2213	0	5
2214	0	9
2215	0	6
2216	0	6
2217	0	6
2218	0	8
2219	0	14
2220	0	5
2221	0	10
2222	0	6
2223	0	7
2224	0	3
2225	0	5
2226	0	6
2227	0	6
2228	0	9
2229	0	7
2230	0	13
2231	0	1
2232	0	5
2233	0	10
2234	0	9
2235	0	4
2236	0	6
2237	0	3
2238	0	5
2239	0	5
2240	0	12
2241	0	6
2242	0	7
2243	0	5
2244	0	5
2245	0	7
2246	0	15
2247	0	7
2248	0	8
2249	0	10
2250	0	11
2251	0	12
2252	0	6
2253	0	9
2254	0	3
2255	0	5
2256	0	10
2257	0	4
2258	0	4
2259	0	7
2260	0	9
2261	0	7
2262	0	9
2263	0	5
2264	0	12
2265	0	6
2266	0	14
2267	0	14
2268	0	13
2269	0	10
2270	0	14
2271	0	11
2272	0	21
2273	0	17
2274	0	4
2275	0	7
2276	0	21
2277	0	14
2278	0	10
2279	0	15
2280	0	15
2281	0	8
2282	0	8
2283	0	9
2284	0	8
2285	0	10
2286	0	10
2287	0	10
2288	0	11
2289	0	13
2290	0	5
2291	0	8
2292	0	11
2293	0	9
2294	0	12
2295	0	12
2296	0	7
2297	0	11
2298	0	10
2299	0	7
2300	0	5
2301	0	4
2302	0	2
2303	0	6
2304	0	4
2305	0	9
2306	0	5
2307	0	5
2308	0	6
2309	0	7
2310	0	4
2311	0	12
2312	0	12
2313	0	7
2314	0	12
2315	0	7
2316	0	10
2317	0	13
2318	0	8
2319	0	4
2320	0	10
2321	0	9
2322	0	16
2323	0	10
2324	0	11
2325	0	11
2326	0	10
2327	0	12
2328	0	9
2329	0	15
2330	0	10
2331	0	16
2332	0	15
2333	0	15
2334	0	14
2335	0	11
2336	0	10
2337	0	4
2338	0	4
2339	0	9
2340	0	15
2341	0	6
2342	0	14
2343	0	8
2344	0	11
2345	0	7
2346	0	3
2347	0	10
2348	0	8
2349	0	9
2350	0	5
2351	0	10
2352	0	3
2353	0	11
2354	0	6
2355	0	13
2356	0	7
2357	0	4
2358	0	3
2359	0	3
2360	0	6
2361	0	3
2362	0	10
2363	0	10
2364	0	3
2365	0	9
2366	0	8
2367	0	5
2368	0	7
2369	0	5
2370	0	5
2371	0	5
2372	0	6
2373	0	3
2374	0	6
2375	0	13
2376	0	4
2377	0	8
2378	0	7
2379	0	7
2380	0	5
2381	0	10
2382	0	12
2383	0	12
2384	0	6
2385	0	10
2386	0	4
2387	0	11
2388	0	13
2389	0	5
2390	0	8
2391	0	9
2392	0	8
2393	0	9
2394	0	5
2395	0	6
2396	0	6
2397	0	9
2398	0	12
2399	0	12
2400	0	12
2401	0	8
2402	0	12
2403	0	7
2404	0	6
2405	0	6
2406	0	7
2407	0	7
2408	0	17
2409	0	13
2410	0	7
2411	0	13
2412	0	10
2413	0	10
2414	0	3
2415	0	10
2416	0	6
2417	0	12
2418	0	8
2419	0	6
2420	0	6
2421	0	8
2422	0	8
2423	0	11
2424	0	10
2425	0	12
2426	0	10
2427	0	8
2428	0	10
2429	0	8
2430	0	10
2431	0	6
2432	0	15
2433	0	4
2434	0	8
2435	0	16
2436	0	14
2437	0	9
2438	0	4
2439	0	7
2440	0	7
2441	0	9
2442	0	6
2443	0	4
2444	0	5
2445	0	7
2446	0	32
2447	0	7
2448	0	7
2449	0	6
2450	0	9
2451	0	4
2452	0	6
2453	0	5
2454	0	8
2455	0	8
2456	0	12
2457	0	10
2458	0	9
2459	0	10
2460	0	8
2461	0	7
2462	0	8
2463	0	11
2464	0	5
2465	0	8
2466	0	4
2467	0	7
2468	0	10
2469	0	12
2470	0	10
2471	0	10
2472	0	9
2473	0	8
2474	0	10
2475	0	9
2476	0	6
2477	0	13
2478	0	14
2479	0	9
2480	0	6
2481	0	4
2482	0	9
2483	0	12
2484	0	12
2485	0	15
2486	0	20
2487	0	17
2488	0	11
2489	0	12
2490	0	8
2491	0	14
2492	0	20
2493	0	17
2494	0	15
2495	0	10
2496	0	13
2497	0	14
2498	0	11
2499	0	12
2500	0	6
2501	0	4
2502	0	7
2503	0	16
2504	0	8
2505	0	8
2506	0	8
2507	0	8
2508	0	15
2509	0	14
2510	0	7
2511	0	7
2512	0	16
2513	0	9
2514	0	6
2515	0	7
2516	0	14
2517	0	14
2518	0	8
2519	0	18
2520	0	21
2521	0	19
2522	0	27
2523	0	13
2524	0	11
2525	0	15
2526	0	11
2527	0	14
2528	0	9
2529	0	12
2530	0	13
2531	0	10
2532	0	7
2533	0	8
2534	0	12
2535	0	8
2536	0	9
2537	0	8
2538	0	9
2539	0	8
2540	0	7
2541	0	13
2542	0	13
2543	0	15
2544	0	8
2545	0	12
2546	0	14
2547	0	14
2548	0	7
2549	0	8
2550	0	15
2551	0	13
2552	0	12
2553	0	14
2554	0	8
2555	0	11
2556	0	14
2557	0	10
2558	0	11
2559	0	4
2560	0	21
2561	0	9
2562	0	6
2563	0	10
2564	0	10
2565	0	8
2566	0	8
2567	0	8
2568	0	7
2569	0	6
2570	0	2
2571	0	9
2572	0	8
2573	0	4
2574	0	11
2575	0	6
2576	0	9
2577	0	9
2578	0	7
2579	0	13
2580	0	12
2581	0	6
2582	0	9
2583	0	5
2584	0	15
2585	0	8
2586	0	12
2587	0	15
2588	0	11
2589	0	10
2590	0	8
2591	0	13
2592	0	8
2593	0	9
2594	0	19
2595	0	14
2596	0	7
2597	0	4
2598	0	7
2599	0	5
2600	0	4
2601	0	6
2602	0	9
2603	0	5
2604	0	16
2605	0	10
2606	0	2
2607	0	9
2608	0	2
2609	0	12
2610	0	4
2611	0	5
2612	0	8
2613	0	5
2614	0	7
2615	0	13
2616	0	6
2617	0	3
2618	0	4
2619	0	10
2620	0	9
2621	0	10
2622	0	9
2623	0	6
2624	0	13
2625	0	15
2626	0	8
2627	0	12
2628	0	11
2629	0	11
2630	0	13
2631	0	6
2632	0	11
2633	0	18
2634	0	16
2635	0	20
2636	0	17
2637	0	22
2638	0	12
2639	0	21
2640	0	20
2641	0	5
2642	0	7
2643	0	12
2644	0	7
2645	0	18
2646	0	10
2647	0	10
2648	0	11
2649	0	9
2650	0	16
2651	0	5
2652	0	5
2653	0	7
2654	0	5
2655	0	12
2656	0	16
2657	0	16
2658	0	5
2659	0	8
2660	0	8
2661	0	11
2662	0	4
2663	0	9
2664	0	2
2665	0	10
2666	0	10
2667	0	5
2668	0	10
2669	0	5
2670	0	8
2671	0	9
2672	0	9
2673	0	5
2674	0	7
2675	0	9
2676	0	9
2677	0	7
2678	0	3
2679	0	3
2680	0	6
2681	0	8
2682	0	8
2683	0	13
2684	0	5
2685	0	16
2686	0	9
2687	0	10
2688	0	6
2689	0	5
2690	0	8
2691	0	10
2692	0	7
2693	0	5
2694	0	9
2695	0	8
2696	0	10
2697	0	6
2698	0	6
2699	0	10
2700	0	8
2701	0	7
2702	0	5
2703	0	11
2704	0	6
2705	0	10
2706	0	5
2707	0	4
2708	0	5
2709	0	10
2710	0	6
2711	0	3
2712	0	6
2713	0	8
2714	0	4
2715	0	5
2716	0	9
2717	0	10
2718	0	6
2719	0	6
2720	0	3
2721	0	6
2722	0	8
2723	0	5
2724	0	9
2725	0	8
2726	0	4
2727	0	11
2728	0	16
2729	0	11
2730	0	12
2731	0	10
2732	0	8
2733	0	12
2734	0	23
2735	0	11
2736	0	13
2737	0	7
2738	0	14
2739	0	16
2740	0	14
2741	0	12
2742	0	13
2743	0	13
2744	0	11
2745	0	13
2746	0	8
2747	0	8
2748	0	13
2749	0	13
2750	0	9
2751	0	15
2752	0	11
2753	0	5
2754	0	15
2755	0	10
2756	0	10
2757	0	14
2758	0	11
2759	0	11
2760	0	9
2761	0	12
2762	0	18
2763	0	11
2764	0	11
2765	0	24
2766	0	9
2767	0	11
2768	0	6
2769	0	6
2770	0	12
2771	0	13
2772	0	9
2773	0	6
2774	0	7
2775	0	12
2776	0	9
2777	0	5
2778	0	7
2779	0	7
2780	0	9
2781	0	10
2782	0	3
2783	0	7
2784	0	5
2785	0	5
2786	0	12
2787	0	13
2788	0	11
2789	0	10
2790	0	9
2791	0	5
2792	0	15
2793	0	10
2794	0	4
2795	0	12
2796	0	10
2797	0	7
2798	0	7
2799	0	3
2800	0	5
2801	0	12
2802	0	9
2803	0	7
2804	0	7
2805	0	11
2806	0	5
2807	0	7
2808	0	9
2809	0	11
2810	0	8
2811	0	8
2812	0	14
2813	0	11
2814	0	11
2815	0	13
2816	0	11
2817	0	15
2818	0	16
2819	0	12
2820	0	10
2821	0	6
2822	0	6
2823	0	9
2824	0	7
2825	0	5
2826	0	9
2827	0	5
2828	0	10
2829	0	9
2830	0	6
2831	0	7
2832	0	11
2833	0	13
2834	0	6
2835	0	10
2836	0	7
2837	0	13
2838	0	10
2839	0	5
2840	0	10
2841	0	8
2842	0	5
2843	0	10
2844	0	15
2845	0	7
2846	0	10
2847	0	8
2848	0	8
2849	0	13
2850	0	7
2851	0	16
2852	0	27
2853	0	15
2854	0	136
2855	0	33
2856	0	20
2857	0	156
2858	0	49
2859	0	76
2860	0	44
2861	0	58
2862	0	53
2863	0	52
2864	0	54
2865	0	70
2866	0	43
2867	0	60
2868	0	258
2869	0	115
2870	0	38
2871	0	30
2872	0	42
2873	0	64
2874	0	49
2875	0	27
2876	0	39
2877	0	58
2878	0	35
2879	0	29
2880	0	19
2881	0	42
2882	0	52
2883	0	40
2884	0	57
2885	0	34
2886	0	26
2887	0	27
2888	0	45
2889	0	44
2890	0	39
2891	0	49
2892	0	51
2893	0	62
2894	0	43
2895	0	36
2896	0	36
2897	0	22
2898	0	29
2899	0	16
2900	0	18
2901	0	34
2902	0	31
2903	0	36
2904	0	25
2905	0	32
2906	0	53
2907	0	51
2908	0	42
2909	0	72
2910	0	45
2911	0	29
2912	0	90
2913	0	30
2914	0	51
2915	0	41
2916	0	64
2917	0	50
2918	0	64
2919	0	45
2920	0	55
2921	0	51
2922	0	57
2923	0	61
2924	0	111
2925	0	61
2926	0	79
2927	0	120
2928	0	76
2929	0	111
2930	0	118
2931	0	129
2932	0	96
2933	0	118
2934	0	172
2935	0	121
2936	0	130
2937	0	171
2938	0	204
2939	0	141
2940	0	126
2941	0	157
2942	0	143
2943	0	127
2944	0	166
2945	0	159
2946	0	144
2947	0	124
2948	0	250
2949	0	158
2950	0	189
2951	0	150
2952	0	1561
2953	0	256
2954	0	340
2955	0	190
2956	0	190
2957	0	246
2958	0	202
2959	0	205
2960	0	208
2961	0	378
2962	0	165
2963	0	223
2964	0	147
2965	0	314
2966	0	186
2967	0	269
2968	0	161
2969	0	122
2970	0	81
2971	0	110
2972	0	79
2973	0	69
2974	0	77
2975	0	164
2976	0	55
2977	0	44
2978	0	54
2979	0	49
2980	0	49
2981	0	77
2982	0	141
2983	0	75
2984	0	56
2985	0	47
2986	0	47
2987	0	36
2988	0	40
2989	0	51
2990	0	31
2991	0	35
2992	0	93
2993	0	52
2994	0	89
2995	0	67
2996	0	83
2997	0	213
2998	0	173
2999	0	64
3000	0	96
3001	0	1124
3002	0	692
3003	0	103
3004	0	56
3005	0	86
3006	0	78
3007	0	280
3008	0	109
3009	0	155
3010	0	65
3011	0	41
3012	0	88
3013	0	135
3014	0	66
3015	0	111
3016	0	54
3017	0	67
3018	0	36
3019	0	42
3020	0	52
3021	0	68
3022	0	43
3023	0	62
3024	0	49
3025	0	40
3026	0	131
3027	0	75
3028	0	78
3029	0	37
3030	0	40
3031	0	65
3032	0	105
3033	0	186
3034	0	64
3035	0	57
3036	0	55
3037	0	73
3038	0	356
3039	0	53
3040	0	108
3041	0	51
3042	0	34
3043	0	55
3044	0	136
3045	0	55
3046	0	43
3047	0	43
3048	0	48
3049	0	38
3050	0	39
3051	0	39
3052	0	25
3053	0	29
3054	0	83
3055	0	29
3056	0	40
3057	0	38
3058	0	31
3059	0	30
3060	0	31
3061	0	42
3062	0	24
3063	0	27
3064	0	23
3065	0	33
3066	0	27
3067	0	35
3068	0	30
3069	0	38
3070	0	20
3071	0	35
3072	0	41
3073	0	92
3074	0	27
3075	0	40
3076	0	82
3077	0	37
3078	0	41
3079	0	58
3080	0	101
3081	0	50
3082	0	41
3083	0	75
3084	0	41
3085	0	51
3086	0	43
3087	0	47
3088	0	110
3089	0	58
3090	0	62
3091	0	37
3092	0	61
3093	0	87
3094	0	68
3095	0	90
3096	0	86
3097	0	123
3098	0	96
3099	0	96
3100	0	136
3101	0	158
3102	0	179
3103	0	192
3104	0	307
3105	0	306
3106	0	353
3107	0	254
3108	0	313
3109	0	326
3110	0	423
3111	0	1107
3112	0	375
3113	0	424
3114	0	753
3115	0	620
3116	0	700
3117	0	720
3118	0	831
3119	0	494
3120	0	533
3121	0	547
3122	0	589
3123	0	447
3124	0	470
3125	0	792
3126	0	470
3127	0	341
3128	0	359
3129	0	346
3130	0	343
3131	0	667
3132	0	491
3133	0	760
3134	0	622
3135	0	573
3136	0	379
3137	0	494
3138	0	2404
3139	0	761
3140	0	763
3141	0	435
3142	0	453
3143	0	460
3144	0	421
3145	0	624
3146	0	612
3147	0	432
3148	0	306
3149	0	291
3150	0	212
3151	0	234
3152	0	220
3153	0	191
3154	0	274
3155	0	175
3156	0	175
3157	0	316
3158	0	147
3159	0	118
3160	0	224
3161	0	179
3162	0	380
3163	0	258
3164	0	724
3165	0	910
3166	0	400
3167	0	259
3168	0	284
3169	0	172
3170	0	1260
3171	0	217
3172	0	117
3173	0	121
3174	0	70
3175	0	131
3176	0	79
3177	0	78
3178	0	179
3179	0	91
3180	0	100
3181	0	63
3182	0	48
3183	0	71
3184	0	36
3185	0	181
3186	0	112
3187	0	109
3188	0	61
3189	0	223
3190	0	169
3191	0	33
3192	0	40
3193	0	399
3194	0	49
3195	0	60
3196	0	131
3197	0	51
3198	0	61
3199	0	34
3200	0	220
3201	0	32
3202	0	55
3203	0	71
3204	0	204
3205	0	154
3206	0	347
3207	0	251
3208	0	318
3209	0	92
3210	0	126
3211	0	454
3212	0	123
3213	0	155
3214	0	87
3215	0	84
3216	0	89
3217	0	102
3218	0	87
3219	0	40
3220	0	56
3221	0	56
3222	0	70
3223	0	88
3224	0	725
3225	0	120
3226	0	50
3227	0	163
3228	0	86
3229	0	50
3230	0	51
3231	0	123
3232	0	76
3233	0	54
3234	0	238
3235	0	56
3236	0	99
3237	0	66
3238	0	53
3239	0	62
3240	0	192
3241	0	32
3242	0	31
3243	0	29
3244	0	26
3245	0	34
3246	0	32
3247	0	29
3248	0	38
3249	0	17
3250	0	24
3251	0	71
3252	0	35
3253	0	25
3254	0	21
3255	0	51
3256	0	31
3257	0	22
3258	0	29
3259	0	38
3260	0	32
3261	0	26
3262	0	41
3263	0	36
3264	0	34
3265	0	44
3266	0	34
3267	0	28
3268	0	50
3269	0	38
3270	0	26
3271	0	62
3272	0	42
3273	0	17
3274	0	15
3275	0	12
3276	0	19
3277	0	22
3278	0	20
3279	0	14
3280	0	10
3281	0	12
3282	0	16
3283	0	13
3284	0	16
3285	0	55
3286	0	20
3287	0	24
3288	0	28
3289	0	6
3290	0	16
3291	0	15
3292	0	19
3293	0	16
3294	0	20
3295	0	19
3296	0	22
3297	0	18
3298	0	25
3299	0	23
3300	0	27
3301	0	20
3302	0	27
3303	0	19
3304	0	23
3305	0	19
3306	0	21
3307	0	31
3308	0	18
3309	0	26
3310	0	22
3311	0	32
3312	0	21
3313	0	17
3314	0	15
3315	0	12
3316	0	12
3317	0	16
3318	0	11
3319	0	20
3320	0	18
3321	0	13
3322	0	20
3323	0	17
3324	0	16
3325	0	15
3326	0	14
3327	0	8
3328	0	12
3329	0	16
3330	0	11
3331	0	15
3332	0	27
3333	0	26
3334	0	12
3335	0	13
3336	0	56
3337	0	52
3338	0	126
3339	0	42
3340	0	21
3341	0	16
3342	0	47
3343	0	35
3344	0	22
3345	0	23
3346	0	24
3347	0	44
3348	0	30
3349	0	21
3350	0	16
3351	0	11
3352	0	23
3353	0	16
3354	0	21
3355	0	26
3356	0	37
3357	0	42
3358	0	42
3359	0	29
3360	0	18
3361	0	32
3362	0	30
3363	0	42
3364	0	26
3365	0	52
3366	0	29
3367	0	34
3368	0	50
3369	0	57
3370	0	54
3371	0	92
3372	0	38
3373	0	47
3374	0	49
3375	0	47
3376	0	98
3377	0	52
3378	0	64
3379	0	120
3380	0	60
3381	0	66
3382	0	53
3383	0	52
3384	0	71
3385	0	62
3386	0	83
3387	0	72
3388	0	71
3389	0	64
3390	0	59
3391	0	49
3392	0	56
3393	0	48
3394	0	60
3395	0	55
3396	0	60
3397	0	60
3398	0	49
3399	0	59
3400	0	69
3401	0	47
3402	0	49
3403	0	75
3404	0	83
3405	0	71
3406	0	48
3407	0	52
3408	0	53
3409	0	45
3410	0	59
3411	0	33
3412	0	35
3413	0	25
3414	0	38
3415	0	38
3416	0	28
3417	0	46
3418	0	30
3419	0	26
3420	0	40
3421	0	33
3422	0	33
3423	0	42
3424	0	34
3425	0	53
3426	0	112
3427	0	49
3428	0	54
3429	0	42
3430	0	71
3431	0	64
3432	0	79
3433	0	168
3434	0	87
3435	0	85
3436	0	119
3437	0	111
3438	0	96
3439	0	115
3440	0	215
3441	0	102
3442	0	105
3443	0	85
3444	0	82
3445	0	84
3446	0	139
3447	0	88
3448	0	109
3449	0	106
3450	0	84
3451	0	89
3452	0	72
3453	0	69
3454	0	91
3455	0	66
3456	0	90
3457	0	146
3458	0	61
3459	0	46
3460	0	71
3461	0	52
3462	0	73
3463	0	130
3464	0	75
3465	0	147
3466	0	98
3467	0	127
3468	0	61
3469	0	70
3470	0	68
3471	0	133
3472	0	249
3473	0	85
3474	0	95
3475	0	55
3476	0	53
3477	0	40
3478	0	61
3479	0	137
3480	0	89
3481	0	642
3482	0	121
3483	0	365
3484	0	262
3485	0	121
3486	0	109
3487	0	156
3488	0	94
3489	0	126
3490	0	142
3491	0	190
3492	0	115
3493	0	83
3494	0	78
3495	0	93
3496	0	78
3497	0	91
3498	0	95
3499	0	64
3500	0	110
3501	0	71
3502	0	75
3503	0	68
3504	0	241
3505	0	107
3506	0	45
3507	0	80
3508	0	83
3509	0	413
3510	0	142
3511	0	93
3512	0	87
3513	0	112
3514	0	138
3515	0	85
3516	0	104
3517	0	77
3518	0	73
3519	0	39
3520	0	53
3521	0	58
3522	0	54
3523	0	48
3524	0	61
3525	0	53
3526	0	46
3527	0	45
3528	0	29
3529	0	48
3530	0	29
3531	0	22
3532	0	46
3533	0	66
3534	0	30
3535	0	80
3536	0	43
3537	0	23
3538	0	33
3539	0	26
3540	0	31
3541	0	23
3542	0	33
3543	0	49
3544	0	24
3545	0	96
3546	0	30
3547	0	29
3548	0	42
3549	0	116
3550	0	38
3551	0	49
3552	0	21
3553	0	44
3554	0	34
3555	0	18
3556	0	26
3557	0	32
3558	0	39
3559	0	38
3560	0	29
3561	0	21
3562	0	17
3563	0	22
3564	0	34
3565	0	21
3566	0	35
3567	0	22
3568	0	13
3569	0	14
3570	0	46
3571	0	37
3572	0	13
3573	0	26
3574	0	129
3575	0	49
3576	0	21
3577	0	27
3578	0	35
3579	0	20
3580	0	23
3581	0	69
3582	0	95
3583	0	28
3584	0	37
3585	0	20
3586	0	29
3587	0	28
3588	0	12
3589	0	17
3590	0	15
3591	0	27
3592	0	22
3593	0	11
3594	0	29
3595	0	26
3596	0	35
3597	0	18
3598	0	28
3599	0	24
3600	0	42
3601	0	39
3602	0	20
3603	0	43
3604	0	41
3605	0	38
3606	0	44
3607	0	123
3608	0	86
3609	0	49
3610	0	73
3611	0	61
3612	0	46
3613	0	52
3614	0	52
3615	0	53
3616	0	46
3617	0	38
3618	0	118
3619	0	50
3620	0	90
3621	0	62
3622	0	79
3623	0	50
3624	0	36
3625	0	49
3626	0	25
3627	0	30
3628	0	86
3629	0	68
3630	0	50
3631	0	46
3632	0	25
3633	0	162
3634	0	25
3635	0	71
3636	0	145
3637	0	156
3638	0	49
3639	0	51
3640	0	41
3641	0	57
3642	0	29
3643	0	340
3644	0	79
3645	0	59
3646	0	55
3647	0	59
3648	0	42
3649	0	104
3650	0	22
3651	0	32
3652	0	20
3653	0	45
3654	0	17
3655	0	7
3656	0	17
3657	0	20
3658	0	17
3659	0	9
3660	0	10
3661	0	167
3662	0	13
3663	0	12
3664	0	15
3665	0	17
3666	0	4
3667	0	182
3668	0	10
3669	0	9
3670	0	4
3671	0	9
3672	0	6
3673	0	19
3674	0	10
3675	0	13
3676	0	14
3677	0	15
3678	0	10
3679	0	7
3680	0	11
3681	0	6
3682	0	12
3683	0	14
3684	0	13
3685	0	11
3686	0	12
3687	0	9
3688	0	5
3689	0	12
3690	0	10
3691	0	14
3692	0	4
3693	0	5
3694	0	7
3695	0	14
3696	0	8
3697	0	8
3698	0	8
3699	0	16
3700	0	12
3701	0	6
3702	0	48
3703	0	725
3704	0	23
3705	0	13
3706	0	14
3707	0	17
3708	0	7
3709	0	29
3710	0	16
3711	0	17
3712	0	10
3713	0	33
3714	0	17
3715	0	10
3716	0	17
3717	0	7
3718	0	12
3719	0	8
3720	0	7
3721	0	8
3722	0	4
3723	0	6
3724	0	11
3725	0	25
3726	0	8
3727	0	13
3728	0	14
3729	0	12
3730	0	16
3731	0	21
3732	0	6
3733	0	4
3734	0	16
3735	0	11
3736	0	5
3737	0	5
3738	0	22
3739	0	12
3740	0	10
3741	0	14
3742	0	15
3743	0	10
3744	0	18
3745	0	14
3746	0	20
3747	0	12
3748	0	11
3749	0	8
3750	0	11
3751	0	13
3752	0	10
3753	0	7
3754	0	11
3755	0	9
3756	0	15
3757	0	6
3758	0	11
3759	0	8
3760	0	13
3761	0	7
3762	0	31
3763	0	11
3764	0	5
3765	0	12
3766	0	10
3767	0	13
3768	0	15
3769	0	16
3770	0	8
3771	0	12
3772	0	51
3773	0	6
3774	0	12
3775	0	16
3776	0	9
3777	0	20
3778	0	12
3779	0	17
3780	0	11
3781	0	5
3782	0	11
3783	0	27
3784	0	10
3785	0	13
3786	0	25
3787	0	10
3788	0	10
3789	0	14
3790	0	26
3791	0	17
3792	0	15
3793	0	14
3794	0	16
3795	0	11
3796	0	11
3797	0	51
3798	0	16
3799	0	14
3800	0	19
3801	0	9
3802	0	16
3803	0	41
3804	0	25
3805	0	23
3806	0	16
3807	0	8
3808	0	13
3809	0	21
3810	0	10
3811	0	11
3812	0	14
3813	0	19
3814	0	11
3815	0	8
3816	0	12
3817	0	5
3818	0	6
3819	0	16
3820	0	8
3821	0	9
3822	0	12
3823	0	7
3824	0	11
3825	0	5
3826	0	10
3827	0	10
3828	0	6
3829	0	11
3830	0	32
3831	0	28
3832	0	29
3833	0	24
3834	0	16
3835	0	29
3836	0	23
3837	0	33
3838	0	39
3839	0	55
3840	0	51
3841	0	33
3842	0	19
3843	0	19
3844	0	26
3845	0	29
3846	0	23
3847	0	19
3848	0	14
3849	0	22
3850	0	12
3851	0	8
3852	0	7
3853	0	7
3854	0	16
3855	0	4
3856	0	6
3857	0	9
3858	0	6
3859	0	8
3860	0	4
3861	0	9
3862	0	7
3863	0	6
3864	0	11
3865	0	14
3866	0	5
3867	0	4
3868	0	11
3869	0	7
3870	0	15
3871	0	8
3872	0	4
3873	0	6
3874	0	6
3875	0	7
3876	0	4
3877	0	5
3878	0	4
3879	0	6
3880	0	22
3881	0	7
3882	0	14
3883	0	6
3884	0	7
3885	0	8
3886	0	8
3887	0	11
3888	0	5
3889	0	6
3890	0	8
3891	0	8
3892	0	7
3893	0	7
3894	0	16
3895	0	15
3896	0	17
3897	0	10
3898	0	18
3899	0	10
3900	0	11
3901	0	9
3902	0	11
3903	0	5
3904	0	7
3905	0	15
3906	0	7
3907	0	10
3908	0	16
3909	0	13
3910	0	11
3911	0	11
3912	0	11
3913	0	12
3914	0	9
3915	0	9
3916	0	4
3917	0	8
3918	0	6
3919	0	2
3920	0	5
3921	0	6
3922	0	6
3923	0	5
3924	0	5
3925	0	5
3926	0	8
3927	0	2
3928	0	10
3929	0	3
3930	0	9
3931	0	7
3932	0	12
3933	0	14
3934	0	13
3935	0	12
3936	0	16
3937	0	35
3938	0	13
3939	0	10
3940	0	10
3941	0	12
3942	0	23
3943	0	15
3944	0	19
3945	0	18
3946	0	9
3947	0	13
3948	0	5
3949	0	8
3950	0	15
3951	0	10
3952	0	18
3953	0	10
3954	0	9
3955	0	5
3956	0	8
3957	0	12
3958	0	7
3959	0	8
3960	0	12
3961	0	4
3962	0	8
3963	0	5
3964	0	8
3965	0	6
3966	0	5
3967	0	5
3968	0	8
3969	0	4
3970	0	6
3971	0	5
3972	0	6
3973	0	4
3974	0	4
3975	0	6
3976	0	4
3977	0	11
3978	0	7
3979	0	7
3980	0	11
3981	0	10
3982	0	10
3983	0	3
3984	0	7
3985	0	11
3986	0	3
3987	0	12
3988	0	7
3989	0	10
3990	0	14
3991	0	15
3992	0	12
3993	0	19
3994	0	14
3995	0	24
3996	0	23
3997	0	42
3998	0	49
3999	0	55
4000	0	41
4001	0	47
4002	0	67
4003	0	40
4004	0	39
4005	0	31
4006	0	31
4007	0	26
4008	0	21
4009	0	24
4010	0	26
4011	0	12
4012	0	18
4013	0	17
4014	0	18
4015	0	18
4016	0	15
4017	0	23
4018	0	17
4019	0	10
4020	0	11
4021	0	18
4022	0	22
4023	0	16
4024	0	6
4025	0	10
4026	0	7
4027	0	20
4028	0	14
4029	0	18
4030	0	11
4031	0	15
4032	0	13
4033	0	17
4034	0	16
4035	0	16
4036	0	18
4037	0	16
4038	0	17
4039	0	9
4040	0	10
4041	0	18
4042	0	15
4043	0	20
4044	0	17
4045	0	18
4046	0	23
4047	0	30
4048	0	22
4049	0	30
4050	0	40
4051	0	30
4052	0	35
4053	0	29
4054	0	35
4055	0	23
4056	0	41
4057	0	43
4058	0	30
4059	0	61
4060	0	73
4061	0	59
4062	0	52
4063	0	64
4064	0	56
4065	0	65
4066	0	59
4067	0	61
4068	0	45
4069	0	61
4070	0	61
4071	0	58
4072	0	64
4073	0	54
4074	0	47
4075	0	50
4076	0	38
4077	0	49
4078	0	40
4079	0	19
4080	0	26
4081	0	23
4082	0	24
4083	0	22
4084	0	16
4085	0	19
4086	0	16
4087	0	14
4088	0	16
4089	0	23
4090	0	60
4091	0	78
4092	0	116
4093	0	167
4094	0	324
4095	0	237
4096	0	288
4097	0	317
4098	0	285
4099	0	244
4100	0	215
4101	0	209
4102	0	149
4103	0	155
4104	0	123
4105	0	126
4106	0	81
4107	0	62
4108	0	32
4109	0	32
4110	0	10
4111	0	20
4112	0	9
4113	0	4
4114	0	6
4115	0	1
4116	0	7
4117	0	7
4118	0	5
4119	0	4
4120	0	3
4121	0	2
4122	0	7
4123	0	1
4124	0	7
4125	0	5
4126	0	11
4127	0	4
4129	0	3
4130	0	8
4131	0	3
4132	0	5
4133	0	8
4134	0	4
4135	0	15
4136	0	8
4137	0	4
4138	0	10
4139	0	6
4140	0	4
4141	0	3
4142	0	7
4143	0	3
4144	0	11
4145	0	3
4146	0	10
4147	0	6
4148	0	11
4149	0	8
4150	0	10
4151	0	9
4152	0	14
4153	0	8
4154	0	12
4155	0	17
4156	0	8
4157	0	8
4158	0	10
4159	0	12
4160	0	7
4161	0	8
4162	0	8
4163	0	4
4164	0	12
4165	0	8
4166	0	4
4167	0	11
4168	0	3
4169	0	7
4170	0	11
4171	0	9
4172	0	7
4173	0	3
4174	0	5
4175	0	5
4176	0	13
4177	0	5
4178	0	11
4179	0	7
4180	0	7
4181	0	6
4182	0	7
4183	0	4
4184	0	6
4185	0	6
4186	0	8
4187	0	3
4188	0	4
4189	0	7
4190	0	6
4191	0	8
4192	0	7
4193	0	5
4194	0	11
4195	0	10
4196	0	9
4197	0	11
4198	0	17
4199	0	15
4200	0	10
4201	0	11
4202	0	17
4203	0	14
4204	0	14
4205	0	11
4206	0	13
4207	0	24
4208	0	19
4209	0	15
4210	0	18
4211	0	14
4212	0	12
4213	0	16
4214	0	8
4215	0	23
4216	0	18
4217	0	23
4218	0	12
4219	0	6
4220	0	15
4221	0	19
4222	0	13
4223	0	16
4224	0	9
4225	0	11
4226	0	20
4227	0	9
4228	0	14
4229	0	13
4230	0	4
4231	0	13
4232	0	10
4233	0	10
4234	0	2
4235	0	4
4236	0	6
4237	0	7
4238	0	7
4239	0	8
4240	0	2
4241	0	8
4242	0	5
4243	0	9
4244	0	12
4245	0	18
4246	0	15
4247	0	10
4248	0	31
4249	0	37
4250	0	41
4251	0	15
4252	0	19
4253	0	16
4254	0	8
4255	0	17
4256	0	18
4257	0	27
4258	0	21
4259	0	9
4260	0	1
4261	0	12
4262	0	8
4263	0	12
4264	0	11
4265	0	5
4266	0	10
4267	0	2
4268	0	3
4269	0	5
4270	0	14
4271	0	7
4272	0	13
4273	0	8
4274	0	9
4275	0	12
4276	0	12
4277	0	6
4278	0	8
4279	0	6
4280	0	6
4281	0	8
4282	0	8
4283	0	5
4284	0	7
4285	0	8
4286	0	7
4287	0	14
4288	0	6
4289	0	8
4290	0	7
4291	0	13
4292	0	6
4293	0	10
4294	0	8
4295	0	7
4296	0	8
4297	0	7
4298	0	12
4299	0	7
4300	0	2
4301	0	6
4302	0	15
4303	0	9
4304	0	14
4305	0	13
4306	0	11
4307	0	11
4308	0	9
4309	0	6
4310	0	13
4311	0	9
4312	0	14
4313	0	9
4314	0	6
4315	0	10
4316	0	8
4317	0	8
4318	0	6
4319	0	8
4320	0	10
4321	0	6
4322	0	9
4323	0	8
4324	0	7
4325	0	1
4326	0	4
4327	0	6
4328	0	9
4329	0	7
4330	0	5
4331	0	7
4332	0	3
4333	0	4
4334	0	5
4335	0	12
4336	0	14
4337	0	5
4338	0	8
4339	0	4
4340	0	4
4341	0	6
4342	0	10
4343	0	2
4344	0	7
4345	0	9
4346	0	4
4347	0	5
4348	0	4
4349	0	7
4350	0	13
4351	0	112
4352	0	7
4353	0	7
4354	0	8
4355	0	10
4356	0	4
4357	0	5
4358	0	6
4359	0	11
4360	0	8
4361	0	2
4362	0	13
4363	0	7
4364	0	16
4365	0	13
4366	0	7
4367	0	5
4368	0	9
4369	0	6
4370	0	6
4371	0	10
4372	0	3
4373	0	3
4374	0	3
4375	0	3
4376	0	8
4377	0	2
4378	0	8
4379	0	4
4380	0	3
4381	0	3
4382	0	6
4383	0	7
4384	0	4
4385	0	1
4386	0	7
4387	0	9
4388	0	5
4389	0	9
4390	0	8
4391	0	11
4392	0	15
4393	0	3
4394	0	7
4395	0	7
4396	0	11
4397	0	2
4398	0	8
4399	0	7
4400	0	1
4401	0	4
4402	0	7
4403	0	4
4404	0	4
4405	0	22
4406	0	9
4407	0	5
4408	0	5
4409	0	4
4410	0	6
4411	0	3
4412	0	5
4413	0	6
4414	0	2
4415	0	7
4416	0	3
4417	0	3
4418	0	9
4419	0	4
4420	0	5
4421	0	8
4422	0	9
4423	0	6
4424	0	9
4425	0	6
4426	0	8
4427	0	7
4428	0	10
4429	0	6
4430	0	2
4431	0	6
4432	0	1
4433	0	2
4434	0	7
4435	0	7
4436	0	6
4437	0	4
4438	0	6
4439	0	10
4440	0	9
4441	0	7
4442	0	8
4443	0	5
4444	0	4
4445	0	10
4446	0	7
4447	0	3
4448	0	9
4449	0	8
4450	0	6
4451	0	4
4452	0	2
4453	0	5
4454	0	8
4455	0	5
4456	0	4
4457	0	4
4458	0	1
4459	0	12
4460	0	5
4461	0	8
4462	0	5
4463	0	5
4464	0	11
4465	0	11
4466	0	7
4467	0	9
4468	0	3
4469	0	9
4470	0	7
4471	0	8
4472	0	4
4473	0	2
4474	0	8
4475	0	4
4476	0	7
4477	0	4
4478	0	3
4479	0	5
4480	0	9
4481	0	7
4482	0	2
4483	0	5
4484	0	8
4485	0	12
4486	0	11
4487	0	6
4488	0	4
4489	0	11
4490	0	9
4491	0	6
4492	0	13
4493	0	9
4494	0	5
4495	0	4
4496	0	9
4497	0	5
4498	0	12
4499	0	6
4500	0	7
4501	0	6
4502	0	7
4503	0	4
4504	0	3
4505	0	3
4506	0	3
4507	0	7
4508	0	4
4509	0	5
4510	0	4
4511	0	3
4512	0	7
4513	0	6
4514	0	6
4515	0	6
4516	0	1
4517	0	6
4518	0	3
4519	0	4
4520	0	6
4521	0	4
4522	0	3
4523	0	1
4524	0	1
4525	0	6
4526	0	3
4527	0	5
4528	0	4
4529	0	2
4530	0	9
4531	0	5
4532	0	5
4533	0	4
4534	0	7
4535	0	5
4536	0	4
4537	0	9
4538	0	6
4539	0	7
4540	0	1
4541	0	5
4542	0	5
4543	0	2
4544	0	4
4545	0	7
4546	0	7
4547	0	5
4548	0	5
4549	0	6
4550	0	3
4551	0	3
4552	0	5
4553	0	5
4554	0	2
4555	0	2
4556	0	5
4557	0	8
4558	0	6
4559	0	4
4560	0	4
4561	0	7
4562	0	8
4563	0	8
4564	0	6
4565	0	3
4566	0	9
4567	0	3
4568	0	5
4569	0	4
4570	0	2
4571	0	3
4572	0	5
4573	0	9
4574	0	6
4575	0	5
4576	0	4
4577	0	6
4578	0	3
4579	0	9
4580	0	6
4581	0	7
4582	0	9
4583	0	2
4584	0	5
4585	0	4
4586	0	4
4587	0	7
4588	0	7
4589	0	5
4590	0	6
4591	0	7
4592	0	6
4593	0	7
4594	0	11
4595	0	3
4596	0	6
4597	0	7
4598	0	4
4599	0	2
4600	0	3
4601	0	7
4602	0	4
4603	0	2
4604	0	4
4605	0	4
4606	0	3
4607	0	5
4608	0	4
4609	0	4
4610	0	5
4611	0	10
4612	0	3
4613	0	4
4614	0	7
4615	0	9
4616	0	7
4617	0	3
4618	0	6
4619	0	5
4620	0	2
4621	0	4
4622	0	4
4623	0	5
4624	0	11
4625	0	5
4626	0	3
4627	0	3
4628	0	10
4629	0	3
4630	0	3
4631	0	8
4632	0	10
4633	0	8
4634	0	4
4635	0	9
4636	0	14
4637	0	15
4638	0	4
4639	0	4
4640	0	13
4641	0	9
4642	0	10
4643	0	10
4644	0	8
4645	0	5
4646	0	3
4647	0	4
4648	0	11
4649	0	6
4650	0	5
4651	0	5
4652	0	10
4653	0	4
4654	0	4
4655	0	5
4656	0	5
4657	0	6
4658	0	9
4659	0	10
4660	0	2
4661	0	4
4662	0	10
4663	0	5
4664	0	10
4665	0	9
4666	0	5
4667	0	8
4668	0	7
4669	0	8
4670	0	7
4671	0	8
4672	0	6
4673	0	7
4674	0	7
4675	0	6
4676	0	6
4677	0	6
4678	0	8
4679	0	2
4680	0	6
4681	0	3
4682	0	10
4683	0	8
4684	0	7
4685	0	5
4686	0	2
4687	0	8
4688	0	7
4689	0	9
4690	0	7
4691	0	4
4692	0	5
4693	0	1
4694	0	2
4695	0	3
4696	0	6
4697	0	3
4698	0	7
4699	0	3
4700	0	6
4701	0	5
4702	0	3
4703	0	6
4704	0	6
4705	0	5
4706	0	6
4707	0	5
4708	0	10
4709	0	6
4710	0	1
4711	0	5
4712	0	6
4713	0	5
4714	0	4
4715	0	7
4716	0	7
4717	0	3
4718	0	2
4719	0	5
4720	0	5
4721	0	7
4722	0	2
4723	0	5
4724	0	3
4725	0	1
4726	0	7
4727	0	6
4728	0	4
4729	0	4
4730	0	4
4731	0	9
4732	0	5
4733	0	3
4734	0	3
4735	0	3
4736	0	2
4737	0	3
4738	0	6
4739	0	7
4740	0	6
4741	0	3
4742	0	6
4743	0	6
4744	0	2
4745	0	6
4746	0	10
4747	0	10
4748	0	3
4749	0	5
4750	0	1
4751	0	9
4753	0	3
4754	0	6
4755	0	1
4756	0	2
4757	0	4
4758	0	6
4759	0	11
4760	0	5
4761	0	9
4762	0	7
4763	0	5
4764	0	4
4765	0	5
4766	0	6
4767	0	8
4768	0	2
4769	0	9
4770	0	6
4771	0	14
4772	0	5
4773	0	8
4774	0	5
4775	0	3
4776	0	9
4777	0	4
4778	0	9
4779	0	11
4780	0	12
4781	0	9
4782	0	13
4783	0	7
4784	0	7
4785	0	6
4786	0	3
4787	0	2
4788	0	6
4789	0	4
4790	0	3
4791	0	6
4792	0	3
4793	0	4
4794	0	5
4795	0	2
4796	0	5
4797	0	2
4798	0	6
4799	0	4
4800	0	4
4801	0	6
4802	0	4
4803	0	3
4804	0	4
4805	0	3
4806	0	7
4807	0	7
4808	0	8
4809	0	12
4810	0	8
4811	0	5
4812	0	3
4814	0	5
4815	0	6
4816	0	3
4817	0	3
4818	0	8
4819	0	10
4821	0	5
4822	0	5
4823	0	5
4824	0	8
4825	0	5
4826	0	5
4827	0	3
4828	0	7
4829	0	6
4830	0	8
4831	0	7
4832	0	4
4833	0	10
4834	0	8
4835	0	6
4836	0	3
4837	0	8
4838	0	7
4839	0	4
4840	0	2
4841	0	4
4842	0	9
4843	0	5
4844	0	6
4845	0	7
4846	0	2
4847	0	6
4848	0	7
4849	0	4
4850	0	10
4851	0	17
4852	0	4
4853	0	8
4854	0	5
4855	0	11
4856	0	6
4857	0	3
4858	0	5
4859	0	6
4860	0	7
4861	0	6
4862	0	6
4863	0	3
4864	0	2
4865	0	5
4866	0	6
4867	0	7
4868	0	5
4869	0	2
4870	0	5
4871	0	4
4872	0	4
4873	0	2
4874	0	3
4875	0	4
4876	0	4
4877	0	4
4878	0	23
4879	0	5
4880	0	5
4881	0	2
4882	0	4
4883	0	3
4884	0	4
4885	0	5
4886	0	6
4887	0	9
4888	0	10
4889	0	8
4890	0	6
4891	0	6
4892	0	3
4893	0	4
4894	0	3
4895	0	5
4896	0	5
4897	0	5
4898	0	7
4899	0	6
4900	0	5
4901	0	8
4902	0	3
4903	0	4
4904	0	5
4905	0	4
4906	0	4
4907	0	6
4908	0	7
4909	0	6
4910	0	10
4911	0	3
4912	0	2
4913	0	5
4914	0	1
4915	0	8
4916	0	5
4917	0	12
4918	0	5
4919	0	7
4920	0	6
4921	0	4
4922	0	6
4923	0	3
4924	0	7
4925	0	4
4926	0	10
4927	0	5
4928	0	6
4929	0	11
4930	0	4
4931	0	7
4932	0	5
4933	0	7
4934	0	2
4935	0	2
4936	0	5
4937	0	5
4938	0	7
4939	0	4
4940	0	3
4941	0	6
4942	0	12
4943	0	2
4944	0	4
4945	0	6
4946	0	5
4947	0	4
4948	0	8
4949	0	3
4950	0	8
4951	0	6
4952	0	3
4953	0	6
4954	0	7
4955	0	2
4956	0	6
4957	0	20
4958	0	7
4959	0	31
4960	0	16
4961	0	14
4962	0	15
4963	0	7
4964	0	8
4965	0	14
4966	0	15
4967	0	11
4968	0	14
4969	0	5
4970	0	14
4971	0	19
4972	0	22
4973	0	22
4974	0	19
4975	0	14
4976	0	7
4977	0	11
4978	0	7
4979	0	7
4980	0	9
4981	0	9
4982	0	74
4983	0	17
4984	0	206
4985	0	14
4986	0	7
4987	0	7
4988	0	3
4989	0	5
4990	0	11
4991	0	9
4992	0	7
4993	0	9
4994	0	8
4995	0	5
4996	0	3
4997	0	2
4998	0	12
4999	0	13
5000	0	13
5001	0	16
5002	0	6
5003	0	6
5004	0	5
5005	0	13
5006	0	7
5007	0	12
5008	0	5
5009	0	4
5010	0	6
5011	0	8
5012	0	15
5013	0	15
5014	0	26
5015	0	9
5016	0	12
5017	0	5
5018	0	3
5019	0	10
5020	0	8
5021	0	14
5022	0	6
5023	0	7
5024	0	11
5025	0	18
5026	0	7
5027	0	9
5028	0	10
5029	0	14
5030	0	5
5031	0	3
5032	0	5
5033	0	1
5034	0	7
5035	0	7
5036	0	5
5037	0	11
5038	0	6
5039	0	3
5040	0	1
5041	0	5
5042	0	8
5043	0	6
5044	0	5
5045	0	12
5046	0	12
5047	0	8
5048	0	9
5049	0	7
5050	0	11
5051	0	8
5052	0	6
5053	0	8
5054	0	4
5055	0	6
5056	0	17
5057	0	9
5058	0	7
5059	0	10
5060	0	8
5061	0	6
5062	0	10
5063	0	7
5064	0	11
5065	0	5
5066	0	7
5067	0	10
5068	0	4
5069	0	10
5070	0	2
5071	0	3
5072	0	8
5073	0	9
5074	0	8
5075	0	8
5076	0	7
5077	0	10
5078	0	5
5079	0	8
5080	0	6
5081	0	9
5082	0	10
5083	0	5
5084	0	2
5085	0	4
5086	0	10
5087	0	5
5088	0	15
5089	0	6
5090	0	4
5091	0	4
5092	0	5
5093	0	3
5094	0	12
5095	0	3
5096	0	9
5097	0	9
5098	0	11
5099	0	7
5100	0	10
5101	0	9
5102	0	11
5103	0	4
5104	0	13
5105	0	7
5106	0	9
5107	0	11
5108	0	6
5109	0	10
5110	0	12
5111	0	10
5112	0	14
5113	0	13
5114	0	11
5115	0	9
5116	0	10
5117	0	5
5118	0	13
5119	0	10
5120	0	13
5121	0	11
5122	0	6
5123	0	20
5124	0	11
5125	0	8
5126	0	7
5127	0	10
5128	0	8
5129	0	12
5130	0	8
5131	0	17
5132	0	6
5133	0	4
5134	0	5
5135	0	7
5136	0	7
5137	0	7
5138	0	6
5139	0	4
5140	0	9
5141	0	5
5142	0	8
5143	0	2
5144	0	6
5145	0	4
5146	0	7
5147	0	6
5148	0	9
5149	0	5
5150	0	7
5151	0	4
5152	0	3
5153	0	5
5154	0	6
5155	0	7
5156	0	9
5157	0	9
5158	0	5
5159	0	6
5160	0	4
5161	0	8
5162	0	1
5163	0	5
5164	0	1
5165	0	6
5166	0	2
5167	0	2
5168	0	2
5169	0	6
5170	0	1
5171	0	4
5172	0	6
5173	0	3
5174	0	6
5175	0	5
5176	0	6
5177	0	4
5178	0	5
5179	0	8
5180	0	7
5181	0	4
5182	0	2
5183	0	10
5184	0	4
5185	0	7
5186	0	8
5187	0	6
5188	0	3
5189	0	4
5190	0	4
5191	0	8
5192	0	6
5193	0	7
5194	0	5
5195	0	4
5196	0	3
5197	0	5
5198	0	4
5199	0	14
5200	0	3
5201	0	3
5202	0	5
5203	0	6
5204	0	9
5205	0	5
5206	0	4
5207	0	4
5208	0	11
5209	0	6
5210	0	2
5211	0	4
5212	0	4
5213	0	12
5214	0	5
5215	0	10
5216	0	5
5217	0	2
5218	0	10
5219	0	5
5220	0	2
5221	0	2
5222	0	6
5223	0	6
5224	0	3
5225	0	3
5226	0	3
5227	0	3
5228	0	3
5229	0	3
5230	0	4
5231	0	5
5232	0	2
5233	0	2
5234	0	3
5235	0	3
5236	0	6
5237	0	11
5238	0	7
5239	0	9
5240	0	5
5241	0	3
5242	0	2
5243	0	6
5244	0	5
5245	0	4
5246	0	5
5247	0	8
5248	0	5
5249	0	5
5250	0	3
5251	0	2
5252	0	4
5253	0	4
5254	0	8
5255	0	4
5256	0	3
5257	0	3
5258	0	11
5259	0	6
5260	0	4
5262	0	21
5263	0	2
5264	0	1
5265	0	5
5266	0	6
5267	0	8
5268	0	4
5269	0	1
5270	0	6
5271	0	6
5272	0	5
5273	0	4
5274	0	2
5275	0	8
5276	0	8
5277	0	7
5278	0	9
5279	0	11
5280	0	18
5281	0	12
5282	0	2
5283	0	7
5284	0	5
5285	0	4
5286	0	8
5287	0	9
5288	0	11
5289	0	6
5290	0	7
5291	0	7
5292	0	7
5293	0	4
5294	0	9
5295	0	9
5296	0	4
5297	0	9
5298	0	11
5299	0	7
5300	0	4
5301	0	4
5302	0	7
5303	0	6
5304	0	8
5305	0	7
5306	0	10
5307	0	12
5308	0	2
5309	0	14
5310	0	8
5311	0	8
5312	0	6
5313	0	9
5314	0	5
5315	0	5
5316	0	2
5317	0	6
5318	0	2
5319	0	5
5320	0	5
5321	0	7
5322	0	7
5323	0	7
5324	0	3
5325	0	10
5326	0	8
5327	0	2
5328	0	4
5329	0	6
5330	0	4
5331	0	11
5332	0	12
5333	0	9
5334	0	6
5335	0	9
5336	0	3
5337	0	12
5338	0	3
5339	0	4
5340	0	6
5341	0	9
5342	0	9
5343	0	5
5344	0	7
5345	0	3
5346	0	7
5347	0	7
5348	0	7
5349	0	3
5350	0	7
5351	0	11
5352	0	6
5353	0	1
5354	0	7
5355	0	5
5356	0	5
5357	0	2
5358	0	6
5359	0	6
5360	0	5
5361	0	6
5362	0	6
5363	0	6
5364	0	5
5365	0	6
5366	0	5
5367	0	6
5368	0	8
5369	0	3
5370	0	5
5371	0	6
5372	0	4
5373	0	6
5374	0	3
5375	0	1
5376	0	9
5377	0	4
5378	0	7
5379	0	3
5380	0	3
5381	0	3
5382	0	4
5383	0	3
5384	0	8
5385	0	8
5386	0	4
5387	0	5
5388	0	4
5389	0	1
5390	0	4
5391	0	6
5392	0	2
5393	0	8
5394	0	3
5395	0	4
5396	0	6
5397	0	2
5398	0	4
5399	0	1
5400	0	5
5401	0	3
5402	0	2
5403	0	6
5404	0	8
5405	0	8
5406	0	11
5407	0	9
5408	0	10
5409	0	4
5410	0	4
5411	0	4
5412	0	3
5413	0	3
5414	0	4
5415	0	3
5416	0	5
5417	0	1
5418	0	3
5419	0	5
5420	0	8
5421	0	3
5422	0	7
5423	0	4
5424	0	2
5425	0	3
5426	0	2
5427	0	6
5428	0	12
5429	0	8
5430	0	4
5431	0	4
5432	0	2
5433	0	4
5434	0	3
5435	0	5
5436	0	6
5437	0	4
5438	0	6
5439	0	4
5440	0	4
5441	0	8
5442	0	7
5444	0	7
5445	0	7
5446	0	2
5447	0	2
5448	0	4
5449	0	4
5450	0	6
5451	0	5
5452	0	3
5453	0	4
5454	0	7
5455	0	6
5456	0	3
5457	0	1
5458	0	2
5459	0	1
5460	0	4
5461	0	2
5462	0	4
5463	0	2
5464	0	6
5465	0	3
5466	0	7
5467	0	5
5468	0	2
5469	0	4
5470	0	2
5471	0	8
5472	0	1
5473	0	6
5474	0	4
5475	0	6
5476	0	3
5477	0	5
5478	0	3
5479	0	5
5480	0	5
5481	0	4
5482	0	3
5483	0	4
5484	0	4
5485	0	2
5486	0	3
5487	0	7
5488	0	5
5489	0	5
5490	0	2
5491	0	9
5492	0	2
5493	0	4
5494	0	2
5495	0	3
5496	0	3
5497	0	4
5498	0	1
5500	0	1
5501	0	2
5502	0	1
5503	0	4
5504	0	2
5505	0	4
5506	0	7
5507	0	2
5508	0	6
5509	0	7
5510	0	4
5511	0	6
5512	0	9
5513	0	3
5514	0	1
5515	0	1
5516	0	3
5517	0	1
5518	0	10
5519	0	8
5520	0	5
5521	0	15
5522	0	8
5523	0	11
5524	0	2
5525	0	6
5526	0	10
5527	0	6
5528	0	3
5529	0	3
5530	0	5
5531	0	4
5532	0	2
5533	0	7
5534	0	6
5535	0	6
5536	0	8
5537	0	6
5538	0	8
5539	0	2
5540	0	10
5541	0	4
5542	0	6
5543	0	1
5544	0	4
5545	0	3
5546	0	5
5547	0	12
5548	0	5
5549	0	1
5550	0	5
5551	0	11
5552	0	10
5553	0	6
5554	0	3
5555	0	4
5556	0	8
5557	0	8
5558	0	7
5559	0	4
5560	0	5
5561	0	2
5562	0	2
5563	0	5
5564	0	5
5565	0	7
5567	0	4
5568	0	4
5569	0	4
5570	0	4
5571	0	4
5572	0	4
5573	0	5
5574	0	3
5575	0	1
5576	0	2
5577	0	3
5578	0	7
5579	0	6
5580	0	2
5581	0	4
5582	0	4
5583	0	5
5584	0	5
5585	0	3
5586	0	3
5587	0	1
5588	0	7
5589	0	5
5590	0	11
5591	0	4
5592	0	3
5593	0	2
5594	0	5
5595	0	2
5596	0	4
5598	0	2
5599	0	7
5600	0	5
5601	0	3
5602	0	1
5603	0	3
5604	0	5
5605	0	2
5606	0	6
5607	0	3
5608	0	1
5609	0	3
5610	0	4
5611	0	4
5612	0	5
5613	0	3
5614	0	3
5615	0	4
5616	0	5
5617	0	3
5618	0	5
5619	0	5
5620	0	4
5621	0	4
5622	0	5
5623	0	3
5624	0	9
5625	0	7
5626	0	3
5627	0	7
5628	0	4
5629	0	4
5630	0	2
5631	0	9
5632	0	1
5633	0	3
5634	0	5
5635	0	9
5636	0	9
5637	0	3
5638	0	9
5639	0	8
5640	0	1
5641	0	4
5642	0	1
5643	0	12
5644	0	5
5645	0	5
5646	0	6
5647	0	9
5648	0	5
5650	0	13
5652	0	6
5653	0	7
5654	0	4
5655	0	3
5656	0	6
5657	0	3
5658	0	7
5659	0	4
5660	0	5
5661	0	8
5662	0	11
5663	0	8
5664	0	14
5665	0	4
5666	0	4
5667	0	2
5668	0	7
5669	0	7
5670	0	7
5671	0	5
5672	0	6
5673	0	2
5674	0	7
5675	0	2
5677	0	5
5678	0	5
5679	0	4
5680	0	4
5681	0	2
5682	0	3
5683	0	4
5684	0	6
5685	0	2
5686	0	2
5687	0	4
5688	0	5
5689	0	5
5690	0	8
5691	0	6
5692	0	5
5693	0	7
5694	0	4
5695	0	8
5696	0	7
5697	0	2
5698	0	5
5699	0	4
5700	0	6
5701	0	7
5702	0	10
5703	0	11
5704	0	14
5705	0	16
5706	0	18
5707	0	14
5708	0	14
5709	0	23
5710	0	28
5711	0	16
5712	0	9
5713	0	11
5714	0	4
5715	0	5
5716	0	6
5717	0	5
5718	0	5
5719	0	4
5720	0	6
5721	0	1
5722	0	8
5723	0	6
5724	0	5
5725	0	5
5726	0	2
5727	0	6
5728	0	5
5729	0	8
5730	0	5
5731	0	6
5732	0	6
5733	0	7
5734	0	3
5735	0	4
5736	0	3
5737	0	3
5738	0	4
5739	0	6
5740	0	4
5742	0	3
5743	0	4
5744	0	4
5745	0	6
5746	0	10
5747	0	4
5748	0	9
5749	0	5
5750	0	6
5751	0	5
5752	0	5
5753	0	9
5754	0	12
5755	0	15
5756	0	9
5757	0	11
5758	0	14
5759	0	13
5760	0	9
5761	0	11
5762	0	13
5763	0	10
5764	0	7
5765	0	3
5766	0	10
5767	0	9
5768	0	4
5769	0	7
5770	0	8
5771	0	6
5772	0	2
5773	0	10
5774	0	4
5775	0	4
5776	0	3
5777	0	5
5778	0	8
5779	0	1
5780	0	4
5781	0	5
5782	0	6
5783	0	6
5784	0	3
5785	0	10
5786	0	4
5787	0	3
5788	0	5
5789	0	2
5790	0	6
5791	0	1
5792	0	7
5793	0	8
5794	0	11
5795	0	5
5796	0	6
5797	0	4
5798	0	5
5799	0	12
5800	0	7
5801	0	7
5802	0	3
5803	0	8
5804	0	8
5805	0	4
5806	0	5
5807	0	7
5808	0	5
5809	0	7
5810	0	7
5811	0	5
5812	0	3
5813	0	4
5814	0	4
5815	0	10
5816	0	2
5817	0	6
5818	0	6
5819	0	6
5820	0	7
5821	0	4
5822	0	5
5823	0	7
5824	0	4
5826	0	4
5827	0	13
5828	0	7
5829	0	10
5830	0	3
5831	0	6
5832	0	4
5833	0	5
5834	0	5
5835	0	7
5836	0	7
5837	0	8
5838	0	4
5839	0	11
5840	0	6
5841	0	3
5842	0	4
5843	0	5
5844	0	2
5845	0	5
5846	0	2
5847	0	2
5848	0	1
5849	0	2
5850	0	3
5851	0	4
5852	0	2
5853	0	4
5854	0	7
5855	0	3
5856	0	2
5857	0	5
5858	0	3
5859	0	8
5860	0	5
5861	0	3
5863	0	5
5864	0	3
5865	0	5
5866	0	4
5867	0	4
5868	0	3
5869	0	6
5870	0	3
5871	0	3
5872	0	1
5873	0	6
5874	0	9
5875	0	4
5876	0	1
5877	0	8
5878	0	3
5879	0	4
5880	0	5
5881	0	2
5882	0	3
5883	0	2
5884	0	2
5885	0	9
5886	0	9
5887	0	6
5888	0	3
5889	0	8
5890	0	4
5891	0	6
5892	0	8
5893	0	6
5894	0	1
5895	0	4
5896	0	2
5897	0	3
5898	0	6
5899	0	9
5900	0	2
5901	0	8
5902	0	7
5903	0	3
5904	0	1
5905	0	1
5906	0	5
5907	0	5
5908	0	2
5909	0	5
5910	0	5
5911	0	2
5912	0	1
5913	0	2
5914	0	5
5915	0	3
5916	0	3
5917	0	3
5918	0	4
5919	0	7
5920	0	5
5921	0	15
5922	0	4
5923	0	13
5924	0	5
5925	0	5
5926	0	3
5927	0	4
5928	0	2
5929	0	2
5930	0	4
5931	0	3
5932	0	2
5933	0	5
5934	0	4
5935	0	5
5936	0	4
5937	0	3
5938	0	4
5939	0	3
5940	0	4
5941	0	6
5942	0	4
5943	0	3
5944	0	4
5945	0	3
5946	0	6
5947	0	6
5948	0	1
5949	0	4
5950	0	6
5951	0	3
5952	0	8
5953	0	4
5954	0	5
5955	0	1
5956	0	5
5957	0	8
5958	0	4
5959	0	3
5960	0	4
5961	0	2
5962	0	4
5963	0	2
5964	0	5
5965	0	3
5966	0	4
5967	0	11
5968	0	3
5969	0	4
5970	0	4
5971	0	7
5972	0	3
5973	0	4
5974	0	1
5975	0	4
5976	0	1
5977	0	4
5978	0	4
5979	0	5
5980	0	5
5982	0	3
5983	0	1
5984	0	2
5985	0	2
5986	0	5
5987	0	2
5988	0	6
5989	0	5
5990	0	6
5991	0	6
5992	0	4
5993	0	5
5994	0	7
5995	0	7
5996	0	2
5997	0	3
5998	0	4
5999	0	4
6000	0	1
6001	0	1
6002	0	2
6003	0	7
6004	0	3
6005	0	9
6006	0	4
6007	0	3
6008	0	3
6009	0	5
6010	0	11
6011	0	4
6012	0	3
6013	0	7
6014	0	8
6015	0	3
6016	0	2
6017	0	4
6018	0	7
6019	0	5
6020	0	6
6021	0	4
6022	0	1
6023	0	3
6024	0	4
6025	0	5
6026	0	5
6027	0	1
6028	0	3
6029	0	2
6030	0	9
6031	0	7
6032	0	5
6033	0	4
6034	0	6
6035	0	2
6036	0	1
6037	0	2
6038	0	3
6039	0	3
6040	0	5
6041	0	2
6042	0	2
6043	0	3
6044	0	4
6045	0	3
6046	0	7
6047	0	6
6048	0	6
6049	0	2
6050	0	4
6051	0	1
6052	0	2
6053	0	5
6054	0	3
6055	0	4
6056	0	2
6057	0	2
6058	0	1
6059	0	6
6060	0	1
6061	0	3
6062	0	5
6063	0	5
6064	0	4
6065	0	2
6066	0	4
6067	0	5
6068	0	6
6069	0	4
6070	0	4
6071	0	2
6072	0	1
6073	0	3
6074	0	4
6075	0	5
6076	0	5
6077	0	1
6078	0	2
6079	0	1
6080	0	4
6081	0	1
6082	0	5
6083	0	4
6084	0	3
6085	0	2
6086	0	3
6087	0	3
6088	0	5
6089	0	2
6090	0	1
6091	0	4
6092	0	2
6093	0	6
6094	0	4
6095	0	2
6096	0	2
6097	0	8
6098	0	2
6099	0	2
6100	0	2
6101	0	8
6102	0	1
6103	0	1
6104	0	5
6105	0	4
6106	0	10
6107	0	3
6108	0	4
6109	0	5
6110	0	2
6111	0	3
6112	0	4
6113	0	8
6114	0	1
6115	0	5
6116	0	3
6117	0	5
6118	0	5
6119	0	4
6120	0	4
6121	0	1
6123	0	3
6124	0	5
6125	0	7
6126	0	4
6127	0	5
6128	0	7
6129	0	2
6130	0	5
6131	0	7
6132	0	2
6133	0	8
6134	0	3
6135	0	4
6136	0	1
6137	0	5
6138	0	7
6139	0	3
6140	0	7
6141	0	4
6142	0	4
6143	0	6
6144	0	6
6145	0	5
6146	0	3
6147	0	5
6148	0	2
6149	0	4
6150	0	4
6151	0	6
6152	0	3
6153	0	1
6154	0	4
6155	0	5
6156	0	1
6157	0	6
6158	0	2
6160	0	4
6161	0	4
6162	0	1
6163	0	1
6164	0	3
6165	0	6
6166	0	3
6168	0	7
6169	0	2
6170	0	1
6171	0	5
6172	0	5
6173	0	5
6174	0	5
6175	0	1
6176	0	6
6177	0	2
6178	0	4
6179	0	6
6180	0	6
6181	0	7
6182	0	4
6183	0	6
6185	0	3
6186	0	2
6187	0	7
6188	0	2
6189	0	2
6190	0	2
6191	0	1
6192	0	6
6193	0	2
6195	0	3
6197	0	1
6198	0	6
6199	0	2
6200	0	2
6201	0	3
6202	0	3
6203	0	4
6204	0	1
6205	0	4
6206	0	6
6207	0	9
6208	0	1
6210	0	2
6211	0	6
6212	0	4
6213	0	1
6214	0	4
6215	0	5
6216	0	5
6217	0	7
6218	0	5
6219	0	11
6220	0	5
6221	0	9
6222	0	4
6223	0	2
6224	0	8
6225	0	6
6226	0	6
6227	0	1
6228	0	6
6229	0	5
6230	0	5
6231	0	1
6232	0	3
6233	0	7
6234	0	2
6235	0	5
6236	0	11
6237	0	7
6238	0	5
6239	0	5
6240	0	4
6241	0	6
6242	0	5
6243	0	2
6244	0	2
6245	0	5
6246	0	2
6247	0	6
6248	0	3
6249	0	6
6250	0	7
6251	0	2
6253	0	4
6254	0	6
6255	0	4
6256	0	6
6257	0	7
6258	0	9
6259	0	5
6260	0	4
6261	0	10
6262	0	8
6263	0	2
6264	0	6
6266	0	4
6267	0	2
6268	0	4
6269	0	4
6270	0	1
6271	0	2
6272	0	4
6273	0	4
6274	0	1
6275	0	4
6276	0	4
6277	0	3
6278	0	2
6280	0	3
6281	0	9
6282	0	7
6283	0	7
6284	0	5
6285	0	4
6286	0	3
6287	0	2
6288	0	6
6289	0	1
6290	0	2
6291	0	5
6292	0	3
6293	0	7
6294	0	2
6295	0	2
6296	0	3
6297	0	8
6298	0	4
6299	0	1
6300	0	1
6301	0	5
6302	0	1
6303	0	2
6304	0	3
6305	0	1
6306	0	4
6307	0	5
6308	0	6
6309	0	2
6310	0	2
6311	0	3
6312	0	10
6313	0	7
6314	0	4
6315	0	3
6316	0	1
6317	0	1
6318	0	3
6319	0	3
6320	0	1
6321	0	3
6322	0	5
6323	0	8
6324	0	6
6326	0	1
6327	0	3
6328	0	5
6329	0	5
6330	0	3
6331	0	2
6332	0	3
6333	0	3
6334	0	4
6335	0	4
6336	0	3
6337	0	2
6338	0	4
6339	0	2
6340	0	2
6341	0	10
6342	0	2
6343	0	5
6344	0	3
6345	0	3
6346	0	2
6347	0	3
6348	0	6
6349	0	2
6350	0	4
6351	0	2
6352	0	2
6354	0	5
6355	0	7
6356	0	4
6357	0	6
6358	0	5
6359	0	4
6360	0	6
6361	0	7
6362	0	9
6363	0	4
6364	0	3
6365	0	6
6366	0	8
6367	0	1
6368	0	5
6369	0	3
6370	0	1
6371	0	3
6372	0	3
6373	0	2
6374	0	3
6375	0	3
6376	0	5
6377	0	6
6378	0	2
6379	0	9
6380	0	3
6381	0	1
6382	0	3
6383	0	4
6384	0	1
6385	0	3
6386	0	5
6387	0	1
6388	0	6
6389	0	4
6390	0	3
6391	0	4
6392	0	4
6393	0	1
6394	0	9
6395	0	4
6396	0	2
6397	0	3
6398	0	2
6399	0	3
6400	0	4
6401	0	6
6402	0	4
6403	0	2
6404	0	2
6405	0	2
6406	0	4
6407	0	5
6408	0	5
6409	0	7
6410	0	3
6411	0	6
6412	0	2
6413	0	4
6414	0	1
6415	0	5
6416	0	9
6417	0	2
6418	0	3
6419	0	6
6420	0	10
6421	0	3
6422	0	5
6423	0	8
6424	0	2
6425	0	3
6426	0	7
6427	0	4
6428	0	5
6429	0	5
6430	0	2
6431	0	5
6432	0	4
6433	0	2
6434	0	10
6435	0	6
6436	0	9
6437	0	10
6438	0	6
6439	0	15
6440	0	15
6441	0	10
6442	0	9
6443	0	5
6444	0	8
6445	0	12
6446	0	11
6447	0	9
6448	0	12
6449	0	3
6450	0	11
6451	0	5
6452	0	5
6453	0	9
6454	0	7
6455	0	7
6456	0	8
6457	0	40
6458	0	11
6459	0	5
6460	0	12
6461	0	6
6462	0	2
6463	0	8
6465	0	5
6466	0	1
6468	0	4
6469	0	2
6470	0	1
6471	0	4
6472	0	3
6473	0	2
6474	0	1
6475	0	1
6476	0	3
6477	0	1
6478	0	3
6479	0	5
6480	0	10
6481	0	3
6482	0	4
6483	0	3
6484	0	3
6485	0	2
6486	0	6
6487	0	5
6488	0	7
6489	0	3
6490	0	2
6491	0	1
6492	0	5
6493	0	2
6494	0	2
6495	0	5
6496	0	3
6497	0	3
6498	0	4
6499	0	5
6500	0	6
6501	0	5
6502	0	4
6503	0	4
6504	0	7
6505	0	8
6506	0	4
6507	0	5
6508	0	6
6509	0	2
6510	0	2
6511	0	1
6512	0	3
6513	0	3
6514	0	9
6515	0	3
6516	0	3
6517	0	5
6518	0	4
6519	0	2
6520	0	4
6521	0	4
6522	0	2
6523	0	3
6524	0	9
6525	0	2
6526	0	1
6527	0	3
6528	0	4
6529	0	2
6530	0	3
6531	0	4
6532	0	7
6533	0	5
6534	0	4
6535	0	6
6536	0	2
6537	0	2
6538	0	2
6539	0	2
6540	0	2
6541	0	3
6542	0	2
6543	0	6
6544	0	3
6545	0	7
6546	0	5
6547	0	2
6548	0	3
6549	0	1
6550	0	4
6551	0	7
6552	0	6
6553	0	4
6554	0	3
6555	0	4
6556	0	9
6557	0	3
6558	0	5
6560	0	5
6561	0	6
6562	0	11
6563	0	3
6564	0	2
6565	0	8
6566	0	9
6567	0	2
6568	0	10
6569	0	2
6570	0	4
6572	0	3
6573	0	2
6574	0	7
6575	0	5
6576	0	3
6577	0	3
6578	0	5
6579	0	3
6580	0	6
6581	0	3
6582	0	6
6583	0	6
6584	0	4
6585	0	4
6586	0	3
6587	0	4
6588	0	7
6589	0	2
6590	0	5
6591	0	7
6592	0	3
6593	0	3
6594	0	3
6595	0	8
6596	0	5
6597	0	7
6598	0	2
6599	0	6
6600	0	6
6601	0	2
6602	0	5
6603	0	6
6604	0	5
6605	0	3
6606	0	4
6608	0	9
6609	0	4
6610	0	3
6611	0	8
6612	0	1
6614	0	5
6615	0	5
6616	0	3
6617	0	2
6618	0	6
6619	0	6
6620	0	6
6621	0	3
6622	0	2
6623	0	1
6624	0	5
6625	0	3
6626	0	1
6627	0	3
6628	0	1
6629	0	4
6630	0	2
6631	0	9
6632	0	6
6633	0	6
6634	0	4
6635	0	6
6636	0	7
6637	0	4
6638	0	5
6639	0	6
6640	0	3
6641	0	3
6642	0	8
6643	0	6
6644	0	2
6645	0	3
6646	0	2
6647	0	5
6648	0	2
6649	0	2
6650	0	6
6651	0	7
6652	0	7
6653	0	4
6654	0	3
6655	0	8
6656	0	6
6657	0	6
6658	0	3
6659	0	3
6660	0	2
6661	0	3
6662	0	3
6663	0	7
6664	0	5
6665	0	2
6666	0	8
6667	0	8
6668	0	2
6669	0	1
6670	0	5
6671	0	4
6672	0	16
6673	0	4
6674	0	4
6675	0	6
6676	0	3
6677	0	4
6678	0	2
6679	0	8
6680	0	7
6681	0	7
6682	0	2
6683	0	1
6684	0	8
6685	0	3
6686	0	4
6687	0	9
6688	0	7
6689	0	4
6690	0	10
6692	0	5
6693	0	3
6694	0	9
6695	0	11
6696	0	5
6697	0	8
6698	0	5
6699	0	7
6700	0	8
6701	0	4
6702	0	4
6703	0	3
6704	0	5
6705	0	4
6706	0	1
6707	0	2
6708	0	2
6709	0	6
6710	0	11
6711	0	8
6712	0	3
6713	0	4
6714	0	3
6715	0	7
6716	0	4
6717	0	2
6718	0	8
6719	0	8
6720	0	3
6721	0	2
6722	0	2
6723	0	4
6724	0	9
6725	0	2
6726	0	7
6727	0	5
6728	0	1
6729	0	1
6730	0	4
6731	0	4
6732	0	3
6733	0	1
6734	0	4
6735	0	2
6736	0	5
6737	0	4
6738	0	8
6739	0	3
6740	0	2
6741	0	6
6742	0	6
6743	0	5
6744	0	9
6745	0	6
6746	0	7
6747	0	14
6748	0	10
6749	0	5
6750	0	5
6751	0	15
6752	0	6
6753	0	8
6754	0	5
6755	0	5
6756	0	10
6757	0	3
6758	0	6
6759	0	15
6760	0	7
6761	0	11
6762	0	10
6763	0	7
6764	0	2
6765	0	1
6766	0	4
6767	0	2
6768	0	3
6769	0	2
6770	0	7
6771	0	7
6772	0	3
6773	0	5
6774	0	3
6775	0	7
6776	0	3
6777	0	4
6778	0	6
6779	0	10
6780	0	5
6781	0	2
6782	0	3
6783	0	3
6784	0	5
6785	0	5
6786	0	9
6787	0	6
6788	0	4
6789	0	6
6790	0	2
6791	0	1
6792	0	1
6793	0	3
6794	0	3
6795	0	3
6796	0	4
6797	0	5
6798	0	4
6799	0	4
6800	0	5
6801	0	6
6802	0	4
6803	0	3
6804	0	2
6805	0	2
6806	0	1
6807	0	2
6808	0	4
6809	0	5
6810	0	5
6811	0	3
6812	0	5
6813	0	5
6814	0	6
6815	0	6
6816	0	5
6817	0	1
6818	0	2
6819	0	4
6820	0	3
6821	0	4
6822	0	4
6823	0	3
6824	0	3
6825	0	5
6826	0	5
6827	0	2
6828	0	3
6830	0	4
6831	0	7
6832	0	4
6833	0	3
6834	0	5
6835	0	5
6836	0	5
6837	0	3
6838	0	3
6839	0	5
6840	0	5
6841	0	2
6842	0	4
6843	0	6
6844	0	3
6845	0	3
6846	0	2
6847	0	3
6848	0	1
6849	0	2
6850	0	2
6851	0	3
6852	0	4
6853	0	4
6854	0	2
6855	0	2
6856	0	2
6857	0	6
6858	0	6
6859	0	1
6860	0	5
6861	0	1
6862	0	1
6863	0	4
6864	0	2
6865	0	3
6866	0	8
6867	0	5
6868	0	4
6869	0	5
6870	0	4
6871	0	7
6872	0	5
6873	0	7
6874	0	2
6875	0	6
6876	0	2
6877	0	3
6878	0	6
6879	0	4
6880	0	8
6881	0	3
6882	0	4
6883	0	6
6884	0	5
6885	0	8
6886	0	2
6887	0	7
6888	0	5
6889	0	7
6890	0	8
6891	0	5
6892	0	4
6893	0	4
6895	0	4
6896	0	1
6897	0	9
6898	0	4
6899	0	2
6900	0	5
6901	0	2
6902	0	2
6903	0	2
6904	0	2
6905	0	3
6906	0	2
6907	0	6
6908	0	3
6909	0	4
6910	0	2
6911	0	3
6912	0	3
6913	0	7
6914	0	13
6915	0	2
6916	0	3
6917	0	7
6918	0	6
6919	0	4
6920	0	4
6921	0	4
6922	0	4
6923	0	2
6924	0	6
6925	0	2
6926	0	2
6927	0	7
6928	0	6
6929	0	7
6930	0	2
6931	0	1
6932	0	1
6933	0	4
6934	0	3
6935	0	5
6937	0	2
6938	0	5
6939	0	4
6940	0	5
6941	0	5
6942	0	1
6943	0	1
6944	0	7
6945	0	3
6947	0	4
6949	0	7
6950	0	5
6951	0	5
6952	0	5
6953	0	3
6954	0	4
6955	0	3
6957	0	2
6958	0	5
6959	0	2
6960	0	3
6961	0	3
6962	0	1
6963	0	1
6964	0	3
6965	0	1
6966	0	1
6967	0	1
6968	0	1
6969	0	4
6970	0	5
6971	0	3
6972	0	4
6973	0	1
6974	0	4
6975	0	1
6976	0	4
6977	0	4
6978	0	3
6979	0	4
6980	0	3
6982	0	2
6983	0	4
6984	0	1
6985	0	2
6986	0	3
6987	0	4
6988	0	3
6989	0	3
6990	0	1
6991	0	3
6992	0	4
6993	0	1
6994	0	3
6995	0	3
6996	0	5
6997	0	3
6998	0	3
6999	0	1
7000	0	6
7001	0	1
7002	0	2
7003	0	2
7004	0	3
7005	0	6
7006	0	5
7007	0	3
7008	0	7
7009	0	1
7010	0	4
7011	0	4
7012	0	3
7013	0	2
7014	0	4
7015	0	10
7016	0	10
7017	0	5
7018	0	4
7019	0	1
7020	0	4
7021	0	3
7022	0	4
7023	0	3
7024	0	3
7025	0	4
7026	0	7
7027	0	3
7028	0	5
7029	0	4
7030	0	4
7031	0	7
7032	0	7
7033	0	5
7034	0	6
7035	0	3
7036	0	4
7037	0	5
7038	0	1
7039	0	1
7040	0	3
7041	0	6
7042	0	3
7043	0	4
7044	0	8
7046	0	4
7047	0	2
7048	0	3
7049	0	3
7050	0	7
7051	0	2
7052	0	2
7053	0	3
7054	0	5
7055	0	2
7056	0	2
7057	0	5
7058	0	3
7059	0	2
7060	0	4
7061	0	5
7062	0	1
7063	0	1
7065	0	5
7066	0	4
7067	0	3
7068	0	1
7072	0	3
7073	0	2
7074	0	6
7075	0	4
7076	0	3
7077	0	4
7078	0	5
7079	0	3
7080	0	2
7081	0	5
7082	0	3
7083	0	4
7084	0	5
7085	0	1
7086	0	3
7087	0	4
7088	0	7
7089	0	5
7090	0	8
7091	0	10
7092	0	7
7093	0	7
7094	0	2
7095	0	2
7096	0	3
7097	0	7
7098	0	3
7100	0	3
7101	0	5
7102	0	7
7103	0	4
7104	0	6
7105	0	4
7106	0	3
7107	0	7
7108	0	1
7109	0	2
7110	0	1
7111	0	1
7112	0	3
7113	0	2
7114	0	4
7115	0	8
7116	0	7
7117	0	3
7118	0	4
7119	0	8
7120	0	7
7121	0	5
7122	0	3
7123	0	8
7124	0	10
7125	0	5
7126	0	3
7127	0	2
7128	0	4
7129	0	1
7130	0	3
7131	0	4
7132	0	2
7133	0	4
7134	0	4
7135	0	3
7136	0	6
7137	0	4
7138	0	5
7139	0	1
7140	0	2
7141	0	2
7142	0	4
7143	0	1
7144	0	1
7145	0	4
7146	0	7
7147	0	2
7148	0	6
7149	0	1
7150	0	11
7151	0	6
7152	0	6
7153	0	5
7154	0	8
7155	0	5
7156	0	5
7157	0	8
7158	0	5
7159	0	5
7160	0	6
7161	0	4
7162	0	12
7163	0	7
7164	0	8
7165	0	8
7166	0	5
7167	0	5
7168	0	8
7169	0	5
7170	0	7
7171	0	1
7172	0	5
7173	0	2
7174	0	6
7175	0	2
7176	0	2
7177	0	3
7178	0	4
7179	0	2
7180	0	1
7181	0	4
7182	0	1
7183	0	9
7184	0	7
7185	0	6
7186	0	22
7187	0	26
7188	0	7
7189	0	11
7190	0	2
7191	0	7
7192	0	13
7193	0	9
7194	0	15
7195	0	9
7196	0	10
7197	0	4
7198	0	2
7199	0	6
7200	0	4
7201	0	2
7202	0	3
7203	0	4
7204	0	2
7205	0	4
7206	0	6
7207	0	3
7208	0	5
7209	0	4
7210	0	10
7211	0	8
7212	0	8
7213	0	5
7214	0	8
7215	0	3
7216	0	10
7217	0	9
7218	0	3
7219	0	7
7220	0	6
7221	0	6
7222	0	1
7223	0	1
7224	0	2
7225	0	4
7227	0	2
7228	0	3
7229	0	3
7230	0	2
7231	0	4
7232	0	2
7233	0	7
7234	0	3
7235	0	1
7237	0	6
7238	0	3
7239	0	6
7241	0	2
7242	0	2
7243	0	2
7244	0	5
7245	0	4
7246	0	3
7247	0	8
7248	0	5
7249	0	4
7250	0	25
7251	0	1
7252	0	6
7253	0	1
7254	0	4
7255	0	1
7256	0	3
7257	0	1
7258	0	7
7259	0	1
7260	0	5
7261	0	3
7262	0	3
7263	0	4
7264	0	6
7265	0	5
7266	0	4
7267	0	2
7268	0	6
7269	0	2
7270	0	3
7271	0	1
7272	0	3
7273	0	2
7274	0	7
7275	0	2
7276	0	4
7277	0	4
7278	0	7
7279	0	8
7280	0	2
7281	0	2
7282	0	4
7285	0	1
7286	0	3
7287	0	3
7288	0	3
7289	0	3
7290	0	1
7291	0	5
7292	0	1
7293	0	3
7294	0	2
7295	0	6
7296	0	5
7297	0	2
7298	0	3
7299	0	3
7300	0	1
7301	0	2
7302	0	2
7303	0	4
7304	0	2
7305	0	5
7306	0	1
7308	0	2
7309	0	2
7311	0	5
7312	0	3
7313	0	3
7314	0	3
7315	0	1
7316	0	7
7317	0	6
7318	0	2
7319	0	5
7320	0	1
7321	0	1
7322	0	4
7323	0	5
7324	0	9
7325	0	2
7326	0	2
7327	0	6
7328	0	3
7329	0	4
7330	0	4
7331	0	4
7332	0	10
7333	0	31
7334	0	28
7335	0	20
7336	0	11
7337	0	10
7338	0	14
7339	0	57
7340	0	62
7341	0	57
7342	0	23
7343	0	24
7344	0	8
7345	0	13
7346	0	11
7347	0	5
7348	0	8
7349	0	12
7350	0	12
7351	0	10
7352	0	10
7353	0	6
7354	0	8
7355	0	5
7356	0	6
7357	0	10
7358	0	7
7359	0	11
7360	0	7
7361	0	8
7362	0	4
7363	0	6
7364	0	5
7365	0	15
7366	0	6
7367	0	7
7368	0	3
7369	0	1
7370	0	5
7371	0	7
7372	0	3
7374	0	5
7375	0	1
7376	0	4
7377	0	4
7378	0	4
7379	0	7
7380	0	3
7381	0	3
7382	0	6
7383	0	6
7384	0	5
7385	0	6
7386	0	5
7387	0	16
7388	0	14
7389	0	14
7390	0	10
7391	0	17
7392	0	12
7393	0	8
7394	0	6
7395	0	7
7396	0	14
7397	0	15
7398	0	4
7399	0	11
7400	0	19
7401	0	32
7402	0	30
7403	0	12
7404	0	29
7405	0	18
7406	0	16
7407	0	17
7408	0	19
7409	0	24
7410	0	29
7411	0	24
7412	0	22
7413	0	14
7414	0	21
7415	0	16
7416	0	15
7417	0	13
7418	0	15
7419	0	14
7420	0	6
7421	0	7
7422	0	3
7423	0	5
7424	0	2
7425	0	5
7426	0	2
7427	0	1
7428	0	1
7429	0	3
7430	0	3
7431	0	6
7432	0	11
7433	0	29
7434	0	78
7435	0	158
7436	0	145
7437	0	51
7438	0	56
7439	0	29
7440	0	48
7441	0	62
7442	0	68
7443	0	52
7444	0	39
7445	0	24
7446	0	7
7447	0	6
7448	0	5
7449	0	4
7450	0	1
7451	0	1
7452	0	1
7453	0	1
7454	0	1
7455	0	6
7456	0	6
7457	0	5
7458	0	7
7459	0	4
7460	0	3
7461	0	3
7462	0	4
7464	0	4
7465	0	6
7466	0	6
7467	0	2
7468	0	6
7469	0	3
7470	0	2
7471	0	7
7472	0	1
7473	0	2
7474	0	3
7475	0	4
7476	0	6
7477	0	3
7478	0	7
7479	0	2
7481	0	2
7482	0	1
7483	0	10
7484	0	3
7485	0	7
7486	0	2
7487	0	1
7488	0	2
7489	0	4
7490	0	6
7491	0	2
7492	0	4
7493	0	1
7494	0	6
7496	0	2
7497	0	3
7498	0	9
7499	0	4
7500	0	4
7501	0	4
7502	0	2
7503	0	4
7504	0	4
7505	0	4
7506	0	1
7507	0	2
7508	0	3
7509	0	3
7510	0	2
7511	0	2
7513	0	2
7514	0	3
7515	0	3
7516	0	5
7517	0	1
7518	0	1
7519	0	6
7520	0	3
7521	0	3
7522	0	5
7523	0	5
7524	0	3
7525	0	1
7526	0	3
7527	0	3
7528	0	1
7529	0	1
7530	0	3
7531	0	2
7532	0	8
7533	0	1
7534	0	1
7535	0	2
7536	0	4
7538	0	3
7539	0	2
7540	0	2
7541	0	5
7542	0	8
7544	0	1
7545	0	1
7546	0	1
7547	0	3
7548	0	3
7549	0	3
7550	0	3
7551	0	4
7552	0	1
7553	0	2
7554	0	5
7555	0	1
7556	0	6
7558	0	12
7559	0	4
7560	0	7
7561	0	6
7562	0	5
7563	0	2
7564	0	5
7565	0	6
7566	0	1
7567	0	4
7568	0	4
7569	0	3
7570	0	2
7571	0	5
7572	0	3
7573	0	4
7574	0	5
7575	0	2
7576	0	2
7578	0	7
7579	0	2
7580	0	3
7582	0	3
7584	0	2
7585	0	2
7586	0	7
7587	0	6
7588	0	2
7589	0	3
7590	0	2
7591	0	3
7593	0	3
7594	0	2
7595	0	4
7596	0	1
7597	0	1
7599	0	5
7600	0	3
7601	0	2
7602	0	2
7603	0	12
7604	0	2
7607	0	1
7608	0	3
7609	0	3
7610	0	3
7611	0	1
7612	0	1
7613	0	2
7614	0	2
7615	0	1
7616	0	5
7617	0	3
7618	0	2
7619	0	2
7620	0	1
7621	0	3
7622	0	1
7623	0	5
7624	0	3
7625	0	1
7627	0	4
7628	0	1
7629	0	3
7630	0	5
7631	0	4
7632	0	5
7633	0	2
7634	0	5
7635	0	7
7636	0	3
7638	0	3
7639	0	10
7640	0	4
7643	0	2
7644	0	2
7645	0	2
7646	0	4
7648	0	2
7649	0	9
7650	0	3
7651	0	6
7652	0	2
7653	0	7
7654	0	5
7655	0	3
7656	0	4
7657	0	4
7658	0	6
7659	0	4
7660	0	6
7661	0	1
7662	0	4
7663	0	5
7664	0	1
7665	0	4
7666	0	2
7667	0	3
7668	0	1
7669	0	3
7670	0	3
7671	0	2
7672	0	3
7673	0	3
7674	0	2
7675	0	4
7676	0	4
7677	0	5
7678	0	2
7679	0	4
7680	0	1
7681	0	1
7683	0	4
7684	0	4
7685	0	2
7686	0	3
7687	0	3
7688	0	4
7689	0	2
7691	0	5
7692	0	3
7693	0	6
7694	0	2
7695	0	1
7696	0	1
7697	0	4
7698	0	6
7699	0	6
7700	0	3
7701	0	4
7702	0	4
7703	0	6
7704	0	4
7705	0	1
7706	0	8
7707	0	9
7708	0	5
7709	0	6
7710	0	2
7711	0	3
7712	0	5
7713	0	2
7714	0	4
7715	0	4
7716	0	7
7717	0	3
7718	0	2
7719	0	8
7720	0	1
7721	0	2
7722	0	7
7723	0	7
7724	0	5
7725	0	3
7726	0	2
7727	0	5
7728	0	2
7729	0	3
7730	0	3
7731	0	2
7732	0	2
7733	0	2
7734	0	2
7735	0	2
7736	0	4
7737	0	2
7738	0	3
7739	0	1
7740	0	5
7741	0	3
7742	0	5
7743	0	5
7744	0	5
7745	0	3
7746	0	3
7747	0	4
7748	0	1
7749	0	2
7750	0	3
7751	0	1
7753	0	2
7754	0	3
7756	0	3
7757	0	4
7758	0	3
7760	0	5
7761	0	2
7763	0	1
7764	0	1
7765	0	4
7766	0	5
7767	0	1
7768	0	5
7769	0	4
7770	0	1
7771	0	1
7772	0	1
7773	0	1
7774	0	1
7775	0	10
7776	0	5
7777	0	3
7778	0	3
7779	0	3
7780	0	5
7781	0	2
7782	0	6
7783	0	4
7784	0	4
7785	0	3
7786	0	1
7787	0	3
7788	0	1
7789	0	4
7790	0	3
7791	0	6
7792	0	8
7793	0	4
7794	0	6
7795	0	4
7796	0	4
7797	0	6
7798	0	8
7799	0	3
7800	0	6
7801	0	1
7802	0	9
7803	0	2
7804	0	2
7805	0	4
7806	0	6
7807	0	4
7808	0	4
7809	0	5
7810	0	3
7811	0	2
7813	0	6
7814	0	2
7815	0	2
7816	0	5
7817	0	1
7818	0	6
7819	0	2
7820	0	4
7821	0	3
7822	0	8
7823	0	1
7824	0	5
7825	0	4
7826	0	2
7827	0	4
7828	0	4
7830	0	4
7831	0	2
7832	0	4
7833	0	1
7836	0	4
7837	0	1
7838	0	2
7839	0	2
7840	0	6
7841	0	1
7842	0	5
7844	0	8
7846	0	4
7847	0	3
7848	0	1
7849	0	6
7850	0	6
7851	0	3
7852	0	4
7853	0	7
7854	0	1
7855	0	3
7856	0	2
7857	0	3
7858	0	2
7859	0	6
7860	0	6
7861	0	2
7862	0	1
7863	0	6
7864	0	1
7865	0	1
7866	0	4
7867	0	3
7868	0	8
7869	0	3
7870	0	1
7871	0	4
7872	0	5
7873	0	5
7874	0	1
7875	0	2
7876	0	3
7877	0	1
7878	0	2
7879	0	3
7880	0	6
7881	0	3
7882	0	2
7883	0	3
7884	0	1
7885	0	2
7886	0	2
7887	0	2
7888	0	2
7889	0	2
7890	0	3
7891	0	3
7893	0	2
7894	0	3
7895	0	3
7896	0	5
7897	0	1
7898	0	2
7899	0	4
7900	0	2
7901	0	4
7902	0	3
7903	0	4
7904	0	3
7905	0	3
7906	0	4
7907	0	1
7908	0	2
7910	0	3
7911	0	2
7912	0	2
7913	0	2
7914	0	2
7915	0	3
7916	0	2
7917	0	4
7918	0	3
7919	0	1
7920	0	3
7922	0	4
7923	0	1
7924	0	2
7926	0	3
7927	0	4
7928	0	2
7929	0	1
7930	0	6
7931	0	1
7932	0	1
7934	0	3
7935	0	5
7937	0	3
7938	0	1
7939	0	1
7940	0	1
7941	0	2
7943	0	1
7944	0	2
7945	0	4
7947	0	2
7948	0	1
7950	0	1
7951	0	1
7952	0	2
7953	0	1
7954	0	4
7955	0	1
7956	0	1
7957	0	1
7958	0	5
7959	0	7
7960	0	3
7961	0	1
7962	0	2
7963	0	3
7964	0	1
7966	0	3
7967	0	2
7968	0	6
7969	0	5
7970	0	6
7971	0	3
7972	0	8
7973	0	5
7974	0	3
7975	0	7
7976	0	4
7977	0	1
7978	0	2
7979	0	10
7980	0	1
7981	0	4
7982	0	6
7983	0	5
7984	0	3
7985	0	11
7986	0	1
7987	0	1
7988	0	3
7989	0	5
7990	0	3
7991	0	5
7992	0	5
7993	0	4
7994	0	2
7995	0	3
7996	0	2
7997	0	3
7998	0	3
7999	0	3
8000	0	4
8001	0	3
8002	0	2
8003	0	1
8004	0	3
8005	0	1
8006	0	2
8007	0	4
8008	0	3
8009	0	4
8010	0	5
8011	0	3
8012	0	8
8013	0	2
8014	0	1
8015	0	4
8016	0	2
8017	0	5
8018	0	6
8019	0	6
8020	0	7
8021	0	10
8022	0	1
8023	0	6
8024	0	3
8025	0	1
8026	0	1
8027	0	5
8028	0	4
8029	0	3
8030	0	1
8031	0	7
8032	0	3
8033	0	2
8034	0	3
8035	0	2
8036	0	2
8037	0	2
8038	0	11
8039	0	1
8040	0	1
8041	0	4
8042	0	7
8043	0	3
8044	0	4
8045	0	5
8046	0	3
8048	0	1
8050	0	1
8051	0	3
8052	0	3
8053	0	5
8054	0	2
8055	0	2
8056	0	4
8058	0	2
8059	0	3
8060	0	4
8061	0	2
8063	0	4
8064	0	5
8066	0	10
8067	0	4
8068	0	3
8070	0	2
8071	0	1
8072	0	3
8074	0	4
8075	0	5
8076	0	5
8077	0	4
8078	0	7
8079	0	6
8080	0	2
8081	0	3
8082	0	3
8083	0	6
8084	0	4
8085	0	4
8086	0	1
8087	0	3
8088	0	5
8089	0	3
8090	0	6
8091	0	2
8092	0	1
8093	0	3
8094	0	5
8095	0	3
8096	0	2
8097	0	3
8098	0	2
8099	0	5
8100	0	1
8101	0	1
8102	0	1
8103	0	3
8104	0	4
8105	0	1
8106	0	1
8107	0	2
8108	0	4
8109	0	1
8110	0	2
8111	0	7
8112	0	4
8113	0	2
8114	0	1
8115	0	7
8116	0	1
8117	0	2
8118	0	2
8119	0	3
8121	0	4
8122	0	4
8123	0	2
8124	0	5
8125	0	2
8126	0	5
8127	0	4
8128	0	6
8129	0	5
8130	0	1
8131	0	7
8132	0	2
8133	0	4
8134	0	6
8135	0	4
8136	0	7
8137	0	2
8138	0	6
8139	0	16
8140	0	11
8141	0	9
8142	0	4
8143	0	11
8144	0	8
8145	0	4
8146	0	5
8147	0	7
8148	0	7
8149	0	1
8150	0	6
8151	0	8
8152	0	4
8153	0	11
8154	0	7
8155	0	7
8156	0	2
8157	0	5
8158	0	3
8159	0	2
8160	0	5
8161	0	6
8162	0	4
8163	0	1
8164	0	1
8165	0	6
8166	0	3
8167	0	2
8168	0	5
8169	0	2
8170	0	3
8171	0	3
8172	0	2
8173	0	5
8175	0	4
8176	0	3
8177	0	9
8178	0	3
8179	0	5
8180	0	1
8181	0	5
8182	0	2
8183	0	6
8184	0	6
8185	0	3
8186	0	3
8187	0	5
8188	0	10
8189	0	6
8190	0	5
8191	0	3
8192	0	6
8193	0	5
8194	0	2
8195	0	7
8196	0	7
8197	0	6
8198	0	8
8199	0	9
8200	0	11
8201	0	17
8202	0	11
8203	0	6
8204	0	7
8205	0	10
8206	0	9
8207	0	9
8208	0	7
8209	0	17
8210	0	16
8211	0	11
8212	0	7
8213	0	10
8214	0	4
8215	0	16
8216	0	19
8217	0	10
8218	0	14
8219	0	15
8220	0	14
8221	0	12
8222	0	12
8223	0	24
8224	0	10
8225	0	21
8226	0	17
8227	0	11
8228	0	5
8229	0	5
8230	0	6
8231	0	10
8232	0	8
8233	0	25
8234	0	34
8235	0	115
8236	0	12
8237	0	21
8238	0	12
8239	0	16
8240	0	23
8241	0	35
8242	0	36
8243	0	14
8244	0	13
8245	0	4
8246	0	8
8247	0	8
8248	0	6
8249	0	5
8250	0	4
8251	0	5
8252	0	3
8253	0	2
8254	0	5
8255	0	2
8256	0	3
8257	0	3
8258	0	1
8259	0	3
8260	0	3
8261	0	7
8262	0	7
8263	0	7
8264	0	3
8265	0	3
8266	0	1
8267	0	7
8268	0	3
8269	0	5
8270	0	19
8271	0	12
8272	0	12
8273	0	12
8274	0	4
8275	0	9
8276	0	5
8277	0	5
8278	0	12
8279	0	5
8280	0	16
8281	0	14
8282	0	6
8283	0	29
8284	0	22
8285	0	23
8286	0	20
8287	0	27
8288	0	9
8289	0	16
8290	0	15
8291	0	10
8292	0	19
8293	0	24
8294	0	17
8295	0	22
8296	0	21
8297	0	10
8298	0	14
8299	0	11
8300	0	9
8301	0	8
8302	0	11
8303	0	10
8304	0	5
8305	0	4
8306	0	5
8307	0	1
8308	0	10
8309	0	2
8310	0	2
8311	0	5
8312	0	7
8313	0	5
8314	0	7
8315	0	14
8316	0	20
8317	0	108
8318	0	78
8319	0	78
8320	0	109
8321	0	34
8322	0	24
8323	0	50
8324	0	42
8325	0	53
8326	0	39
8327	0	39
8328	0	15
8329	0	19
8330	0	10
8331	0	6
8332	0	5
8333	0	4
8335	0	2
8336	0	5
8337	0	2
8338	0	1
8339	0	5
8340	0	4
8341	0	3
8342	0	1
8343	0	2
8344	0	1
8345	0	2
8346	0	1
8347	0	7
8348	0	4
8349	0	4
8350	0	2
8351	0	5
8352	0	1
8353	0	4
8354	0	1
8356	0	4
8357	0	6
8358	0	1
8359	0	5
8360	0	3
8361	0	4
8362	0	1
8363	0	2
8365	0	1
8366	0	3
8367	0	3
8368	0	1
8370	0	4
8371	0	1
8372	0	4
8373	0	3
8374	0	2
8375	0	2
8376	0	2
8377	0	2
8378	0	3
8379	0	3
8380	0	3
8382	0	1
8383	0	2
8384	0	3
8385	0	3
8386	0	1
8388	0	3
8389	0	4
8390	0	3
8391	0	3
8393	0	1
8394	0	4
8395	0	1
8396	0	3
8397	0	1
8398	0	1
8399	0	3
8400	0	4
8402	0	1
8403	0	2
8404	0	1
8406	0	4
8407	0	4
8409	0	3
8410	0	1
8411	0	2
8412	0	5
8413	0	1
8414	0	3
8415	0	3
8416	0	5
8417	0	1
8418	0	2
8419	0	4
8420	0	4
8421	0	1
8422	0	5
8423	0	1
8424	0	5
8425	0	2
8426	0	1
8427	0	3
8428	0	2
8430	0	1
8431	0	4
8432	0	3
8433	0	2
8434	0	1
8435	0	4
8436	0	9
8437	0	2
8438	0	1
8439	0	2
8440	0	2
8441	0	1
8442	0	2
8444	0	3
8445	0	1
8446	0	2
8447	0	4
8448	0	4
8449	0	8
8450	0	5
8451	0	3
8452	0	2
8453	0	7
8454	0	5
8455	0	2
8456	0	5
8457	0	3
8459	0	2
8460	0	11
8461	0	6
8462	0	3
8463	0	4
8464	0	3
8467	0	1
8468	0	5
8469	0	1
8470	0	2
8472	0	3
8473	0	7
8474	0	5
8475	0	3
8476	0	3
8477	0	5
8478	0	12
8479	0	6
8481	0	2
8482	0	3
8483	0	1
8484	0	2
8485	0	1
8486	0	4
8487	0	1
8488	0	1
8489	0	1
8490	0	3
8491	0	1
8492	0	3
8493	0	2
8494	0	2
8495	0	3
8496	0	5
8497	0	5
8499	0	3
8502	0	3
8503	0	1
8504	0	3
8505	0	4
8506	0	4
8507	0	2
8508	0	3
8509	0	7
8510	0	2
8511	0	1
8512	0	1
8513	0	2
8514	0	3
8515	0	2
8516	0	2
8518	0	1
8522	0	3
8523	0	3
8524	0	1
8526	0	1
8527	0	2
8528	0	2
8529	0	3
8530	0	2
8531	0	2
8532	0	1
8533	0	3
8534	0	2
8535	0	1
8536	0	1
8537	0	1
8538	0	3
8539	0	1
8540	0	3
8541	0	6
8542	0	1
8543	0	3
8544	0	2
8545	0	3
8546	0	6
8547	0	1
8550	0	6
8551	0	2
8552	0	2
8554	0	3
8555	0	2
8556	0	5
8557	0	1
8558	0	1
8559	0	3
8560	0	1
8561	0	4
8562	0	5
8564	0	2
8565	0	3
8567	0	1
8568	0	2
8569	0	4
8570	0	6
8571	0	1
8573	0	1
8575	0	4
8576	0	2
8578	0	3
8579	0	1
8580	0	1
8582	0	7
8583	0	3
8584	0	2
8585	0	1
8586	0	2
8587	0	3
8589	0	1
8591	0	1
8592	0	3
8593	0	2
8594	0	2
8595	0	1
8596	0	2
8597	0	3
8598	0	2
8599	0	3
8600	0	1
8601	0	1
8602	0	2
8603	0	1
8604	0	3
8605	0	15
8606	0	4
8607	0	3
8608	0	3
8609	0	1
8610	0	3
8612	0	4
8613	0	1
8614	0	2
8615	0	13
8616	0	1
8617	0	4
8618	0	2
8619	0	3
8620	0	3
8621	0	2
8622	0	3
8623	0	4
8624	0	3
8625	0	5
8626	0	1
8627	0	8
8628	0	2
8629	0	2
8630	0	2
8631	0	2
8632	0	7
8633	0	5
8634	0	16
8635	0	2
8636	0	3
8637	0	2
8638	0	2
8639	0	1
8640	0	5
8641	0	2
8642	0	1
8643	0	2
8644	0	8
8645	0	2
8646	0	1
8647	0	3
8648	0	1
8649	0	4
8650	0	5
8651	0	3
8652	0	6
8653	0	4
8654	0	2
8655	0	5
8656	0	3
8657	0	2
8658	0	1
8659	0	1
8660	0	1
8661	0	3
8662	0	3
8663	0	5
8664	0	1
8665	0	3
8666	0	3
8667	0	4
8668	0	2
8669	0	1
8670	0	2
8671	0	5
8672	0	7
8673	0	2
8674	0	2
8675	0	3
8676	0	1
8677	0	1
8678	0	4
8680	0	2
8681	0	4
8682	0	1
8683	0	3
8684	0	4
8685	0	1
8686	0	4
8688	0	2
8689	0	1
8690	0	1
8691	0	1
8692	0	4
8693	0	6
8694	0	3
8695	0	3
8697	0	3
8699	0	3
8700	0	5
8701	0	2
8702	0	1
8703	0	2
8704	0	3
8705	0	2
8706	0	2
8707	0	1
8708	0	7
8709	0	4
8710	0	1
8711	0	1
8712	0	1
8713	0	4
8714	0	2
8715	0	1
8716	0	3
8717	0	5
8718	0	5
8720	0	2
8721	0	1
8722	0	1
8723	0	7
8724	0	2
8725	0	1
8726	0	5
8728	0	2
8729	0	2
8730	0	1
8732	0	1
8733	0	2
8735	0	2
8736	0	1
8737	0	1
8738	0	3
8739	0	4
8740	0	1
8741	0	5
8743	0	1
8744	0	2
8745	0	3
8746	0	5
8747	0	1
8748	0	1
8749	0	2
8750	0	2
8751	0	3
8752	0	1
8753	0	1
8754	0	3
8755	0	2
8756	0	5
8757	0	4
8758	0	3
8759	0	1
8760	0	3
8761	0	3
8762	0	3
8763	0	1
8764	0	2
8765	0	4
8766	0	4
8767	0	4
8768	0	6
8769	0	4
8771	0	1
8772	0	2
8773	0	1
8775	0	1
8776	0	2
8777	0	5
8778	0	3
8779	0	2
8780	0	6
8781	0	1
8782	0	1
8783	0	5
8785	0	2
8786	0	1
8787	0	2
8788	0	2
8789	0	6
8790	0	2
8791	0	4
8792	0	3
8793	0	1
8794	0	1
8795	0	2
8796	0	2
8797	0	2
8798	0	2
8799	0	4
8800	0	2
8801	0	3
8802	0	4
8804	0	1
8805	0	1
8806	0	1
8807	0	2
8808	0	1
8809	0	2
8810	0	5
8811	0	3
8812	0	5
8813	0	2
8814	0	3
8815	0	7
8816	0	1
8817	0	1
8818	0	1
8819	0	3
8820	0	1
8821	0	3
8823	0	4
8824	0	3
8825	0	5
8826	0	4
8827	0	5
8828	0	2
8829	0	1
8830	0	1
8831	0	2
8833	0	3
8835	0	4
8837	0	4
8838	0	2
8840	0	4
8842	0	2
8844	0	3
8845	0	3
8846	0	7
8847	0	3
8848	0	2
8850	0	4
8851	0	4
8853	0	3
8854	0	5
8855	0	3
8856	0	1
8857	0	2
8858	0	2
8859	0	2
8861	0	2
8863	0	6
8864	0	3
8865	0	2
8866	0	2
8867	0	4
8868	0	3
8869	0	3
8870	0	1
8871	0	6
8872	0	1
8873	0	1
8874	0	5
8875	0	4
8876	0	5
8877	0	5
8878	0	9
8879	0	1
8880	0	2
8881	0	1
8882	0	1
8883	0	3
8884	0	1
8887	0	2
8888	0	3
8889	0	2
8890	0	1
8891	0	1
8892	0	1
8893	0	1
8894	0	1
8895	0	1
8896	0	4
8897	0	3
8898	0	4
8899	0	1
8900	0	3
8901	0	6
8902	0	3
8903	0	3
8904	0	2
8905	0	1
8906	0	3
8907	0	1
8908	0	2
8909	0	3
8910	0	1
8912	0	2
8913	0	3
8914	0	2
8916	0	4
8917	0	4
8918	0	1
8920	0	4
8921	0	5
8922	0	4
8923	0	2
8924	0	2
8925	0	2
8926	0	1
8927	0	2
8929	0	1
8930	0	2
8931	0	1
8932	0	1
8933	0	1
8934	0	2
8935	0	1
8937	0	2
8938	0	4
8940	0	1
8942	0	2
8943	0	1
8944	0	3
8946	0	1
8948	0	1
8949	0	5
8950	0	1
8951	0	2
8952	0	3
8953	0	5
8954	0	2
8955	0	1
8956	0	2
8957	0	4
8958	0	2
8960	0	2
8961	0	1
8962	0	3
8963	0	2
8964	0	1
8965	0	1
8966	0	2
8967	0	1
8968	0	2
8970	0	3
8971	0	1
8972	0	3
8973	0	4
8974	0	3
8975	0	7
8976	0	4
8977	0	2
8978	0	2
8979	0	2
8980	0	2
8981	0	3
8982	0	2
8983	0	2
8984	0	1
8985	0	4
8986	0	1
8987	0	1
8988	0	5
8989	0	2
8991	0	2
8992	0	2
8993	0	1
8994	0	1
8995	0	4
8997	0	2
8998	0	2
8999	0	1
9000	0	2
9001	0	1
9002	0	1
9003	0	2
9004	0	1
9005	0	2
9007	0	2
9008	0	3
9009	0	2
9012	0	2
9013	0	2
9014	0	3
9015	0	2
9016	0	1
9017	0	4
9018	0	1
9020	0	4
9021	0	1
9023	0	1
9024	0	4
9025	0	2
9026	0	10
9027	0	3
9028	0	2
9029	0	3
9030	0	5
9031	0	1
9032	0	3
9033	0	3
9034	0	2
9036	0	3
9037	0	2
9038	0	3
9039	0	2
9040	0	1
9041	0	4
9043	0	2
9044	0	2
9045	0	2
9046	0	1
9047	0	2
9048	0	1
9049	0	2
9051	0	2
9052	0	1
9053	0	1
9054	0	2
9055	0	3
9057	0	1
9058	0	2
9059	0	1
9060	0	1
9061	0	5
9062	0	2
9063	0	1
9064	0	2
9065	0	4
9066	0	1
9067	0	3
9069	0	1
9071	0	4
9072	0	6
9074	0	2
9075	0	3
9076	0	2
9077	0	3
9078	0	4
9079	0	3
9080	0	3
9081	0	5
9082	0	4
9083	0	2
9084	0	3
9085	0	3
9086	0	2
9088	0	1
9089	0	2
9090	0	2
9091	0	2
9092	0	5
9093	0	1
9094	0	2
9095	0	4
9096	0	3
9097	0	1
9098	0	5
9099	0	1
9103	0	6
9105	0	2
9106	0	1
9107	0	1
9108	0	1
9109	0	3
9110	0	3
9111	0	4
9112	0	5
9113	0	3
9114	0	6
9115	0	2
9116	0	2
9117	0	2
9118	0	3
9119	0	4
9120	0	4
9121	0	5
9122	0	4
9123	0	3
9124	0	3
9125	0	1
9126	0	3
9127	0	2
9128	0	1
9129	0	2
9130	0	1
9131	0	4
9132	0	4
9134	0	3
9135	0	4
9136	0	3
9137	0	2
9138	0	3
9139	0	2
9140	0	1
9141	0	4
9142	0	3
9143	0	1
9144	0	1
9146	0	3
9147	0	2
9148	0	2
9149	0	1
9150	0	1
9151	0	3
9152	0	4
9153	0	2
9154	0	1
9155	0	1
9156	0	1
9157	0	3
9158	0	6
9160	0	3
9161	0	3
9162	0	1
9163	0	1
9164	0	2
9165	0	2
9166	0	2
9167	0	6
9168	0	1
9171	0	1
9172	0	2
9173	0	2
9174	0	3
9175	0	3
9176	0	7
9177	0	3
9178	0	2
9179	0	3
9180	0	2
9181	0	6
9182	0	2
9183	0	4
9184	0	3
9185	0	2
9186	0	3
9187	0	4
9188	0	2
9189	0	37
9190	0	6
9191	0	2
9192	0	3
9194	0	3
9195	0	1
9197	0	1
9198	0	2
9199	0	1
9200	0	3
9201	0	2
9202	0	2
9204	0	3
9205	0	1
9206	0	1
9209	0	2
9211	0	2
9212	0	3
9213	0	3
9214	0	6
9216	0	5
9217	0	6
9219	0	2
9220	0	3
9221	0	4
9222	0	5
9223	0	4
9225	0	2
9226	0	1
9227	0	1
9228	0	2
9229	0	2
9231	0	2
9232	0	6
9233	0	2
9234	0	4
9235	0	2
9236	0	5
9238	0	3
9239	0	3
9240	0	2
9241	0	2
9243	0	3
9244	0	1
9245	0	2
9246	0	1
9247	0	6
9248	0	1
9249	0	3
9250	0	2
9251	0	2
9252	0	2
9253	0	1
9255	0	1
9258	0	2
9259	0	3
9261	0	3
9262	0	1
9263	0	2
9265	0	1
9266	0	2
9267	0	2
9268	0	6
9269	0	1
9271	0	7
9272	0	4
9273	0	2
9274	0	3
9275	0	2
9276	0	3
9277	0	3
9279	0	1
9280	0	1
9281	0	2
9282	0	1
9283	0	3
9285	0	1
9286	0	1
9287	0	2
9288	0	1
9289	0	1
9290	0	2
9291	0	2
9292	0	3
9293	0	1
9294	0	1
9295	0	1
9297	0	1
9298	0	2
9300	0	1
9301	0	2
9302	0	1
9303	0	1
9304	0	1
9305	0	3
9307	0	2
9308	0	2
9309	0	2
9311	0	1
9314	0	1
9315	0	1
9317	0	2
9318	0	1
9319	0	1
9320	0	2
9321	0	4
9322	0	4
9323	0	3
9324	0	1
9325	0	4
9326	0	12
9327	0	14
9328	0	3
9329	0	11
9330	0	4
9331	0	7
9332	0	3
9333	0	10
9334	0	2
9335	0	1
9336	0	2
9337	0	5
9338	0	4
9339	0	3
9340	0	1
9341	0	5
9342	0	3
9343	0	7
9344	0	6
9345	0	4
9346	0	2
9347	0	1
9348	0	3
9349	0	3
9351	0	5
9352	0	3
9353	0	1
9354	0	6
9355	0	3
9356	0	2
9357	0	1
9358	0	7
9359	0	2
9360	0	2
9361	0	2
9362	0	2
9363	0	34
9364	0	5
9366	0	2
9367	0	4
9368	0	2
9369	0	3
9371	0	1
9372	0	5
9373	0	3
9374	0	1
9375	0	7
9376	0	7
9377	0	4
9378	0	5
9379	0	3
9380	0	5
9381	0	1
9382	0	8
9383	0	5
9384	0	7
9385	0	4
9386	0	5
9387	0	6
9388	0	16
9389	0	11
9390	0	4
9391	0	4
9392	0	7
9393	0	2
9394	0	6
9395	0	12
9396	0	3
9397	0	3
9398	0	2
9399	0	7
9400	0	10
9401	0	10
9402	0	6
9403	0	5
9404	0	4
9405	0	6
9406	0	3
9407	0	2
9408	0	2
9409	0	2
9410	0	4
9411	0	7
9412	0	2
9413	0	4
9415	0	6
9416	0	2
9417	0	1
9418	0	5
9419	0	7
9420	0	9
9421	0	20
9422	0	54
9423	0	22
9424	0	18
9425	0	21
9426	0	10
9427	0	14
9428	0	20
9429	0	22
9430	0	17
9431	0	10
9432	0	7
9433	0	8
9434	0	2
9435	0	5
9437	0	2
9438	0	2
9439	0	4
9440	0	3
9441	0	4
9442	0	2
9444	0	2
9445	0	1
9446	0	5
9447	0	1
9450	0	5
9452	0	1
9453	0	3
9454	0	2
9457	0	1
9458	0	2
9459	0	4
9460	0	1
9461	0	1
9463	0	3
9464	0	1
9466	0	3
9468	0	2
9469	0	2
9470	0	2
9471	0	1
9472	0	1
9473	0	2
9475	0	2
9477	0	5
9478	0	2
9479	0	3
9480	0	5
9481	0	1
9482	0	1
9483	0	3
9485	0	1
9486	0	5
9488	0	3
9489	0	1
9491	0	1
9492	0	1
9494	0	1
9496	0	4
9497	0	5
9498	0	5
9503	0	3
9504	0	2
9505	0	3
9507	0	1
9508	0	2
9509	0	1
9510	0	3
9511	0	2
9512	0	1
9513	0	1
9516	0	1
9517	0	1
9518	0	1
9520	0	2
9521	0	1
9525	0	1
9526	0	2
9527	0	3
9529	0	2
9530	0	1
9531	0	3
9532	0	1
9533	0	3
9535	0	4
9540	0	2
9541	0	2
9542	0	2
9543	0	1
9544	0	1
9545	0	2
9546	0	1
9548	0	5
9549	0	2
9551	0	3
9552	0	1
9553	0	1
9554	0	2
9555	0	4
9556	0	2
9558	0	5
9559	0	1
9560	0	2
9561	0	3
9562	0	3
9563	0	5
9564	0	1
9565	0	2
9568	0	2
9569	0	7
9570	0	2
9571	0	1
9573	0	6
9574	0	3
9575	0	4
9576	0	1
9577	0	1
9578	0	2
9579	0	1
9580	0	3
9581	0	2
9582	0	2
9583	0	3
9585	0	2
9586	0	1
9587	0	1
9589	0	1
9590	0	3
9591	0	1
9593	0	3
9594	0	3
9596	0	2
9599	0	3
9600	0	1
9601	0	1
9602	0	2
9603	0	4
9606	0	6
9608	0	3
9609	0	1
9610	0	2
9612	0	3
9613	0	2
9614	0	1
9615	0	1
9616	0	12
9618	0	3
9619	0	3
9620	0	5
9621	0	1
9622	0	2
9623	0	1
9624	0	2
9625	0	1
9626	0	2
9628	0	2
9629	0	2
9630	0	2
9631	0	4
9632	0	1
9633	0	5
9634	0	2
9638	0	2
9639	0	2
9640	0	2
9644	0	3
9645	0	3
9648	0	1
9649	0	1
9650	0	1
9651	0	8
9652	0	2
9657	0	2
9658	0	6
9660	0	2
9661	0	5
9662	0	4
9663	0	4
9664	0	1
9665	0	2
9666	0	1
9667	0	1
9668	0	2
9669	0	1
9670	0	2
9671	0	1
9672	0	15
9676	0	1
9678	0	1
9680	0	3
9683	0	5
9685	0	2
9686	0	1
9687	0	1
9688	0	1
9692	0	1
9693	0	2
9695	0	1
9696	0	1
9700	0	2
9706	0	1
9708	0	2
9709	0	1
9710	0	1
9711	0	2
9712	0	1
9713	0	3
9714	0	1
9715	0	1
9718	0	4
9719	0	2
9720	0	1
9721	0	1
9723	0	1
9724	0	1
9726	0	1
9728	0	2
9731	0	3
9732	0	1
9733	0	2
9734	0	4
9735	0	3
9736	0	2
9737	0	1
9738	0	1
9739	0	2
9740	0	1
9741	0	1
9742	0	2
9744	0	2
9746	0	4
9747	0	1
9748	0	2
9749	0	1
9750	0	1
9752	0	2
9753	0	2
9755	0	1
9757	0	1
9758	0	1
9763	0	2
9764	0	1
9765	0	1
9766	0	1
9768	0	1
9769	0	2
9770	0	1
9771	0	5
9772	0	1
9773	0	2
9774	0	3
9775	0	1
9779	0	1
9780	0	1
9781	0	2
9782	0	2
9783	0	3
9784	0	3
9785	0	2
9788	0	1
9790	0	2
9791	0	1
9792	0	2
9793	0	1
9795	0	2
9796	0	2
9797	0	1
9798	0	3
9800	0	1
9801	0	2
9803	0	1
9804	0	2
9805	0	1
9807	0	1
9808	0	1
9814	0	1
9817	0	2
9818	0	4
9819	0	1
9820	0	1
9821	0	1
9822	0	2
9824	0	1
9826	0	2
9827	0	1
9830	0	1
9831	0	1
9832	0	1
9835	0	3
9836	0	4
9837	0	1
9839	0	4
9841	0	1
9843	0	4
9845	0	2
9846	0	3
9847	0	1
9850	0	1
9852	0	1
9853	0	1
9857	0	1
9858	0	1
9859	0	1
9860	0	2
9862	0	2
9863	0	1
9864	0	1
9865	0	2
9866	0	1
9867	0	1
9868	0	2
9869	0	3
9871	0	3
9872	0	3
9873	0	2
9874	0	1
9875	0	1
9876	0	1
9877	0	1
9878	0	1
9879	0	3
9880	0	1
9881	0	1
9882	0	2
9883	0	2
9884	0	1
9886	0	1
9889	0	1
9891	0	2
9893	0	1
9894	0	4
9895	0	2
9896	0	2
9897	0	3
9899	0	1
9902	0	5
9906	0	1
9907	0	2
9910	0	3
9912	0	1
9914	0	1
9916	0	1
9917	0	1
9918	0	1
9919	0	2
9922	0	2
9924	0	1
9926	0	1
9927	0	1
9929	0	1
9930	0	5
9936	0	1
9938	0	2
9940	0	1
9943	0	2
9947	0	1
9952	0	1
9954	0	2
9955	0	1
9961	0	3
9963	0	1
9965	0	2
9966	0	1
9967	0	1
9968	0	4
9970	0	3
9971	0	1
9973	0	1
9975	0	3
9976	0	2
9977	0	2
9978	0	2
9979	0	1
9980	0	2
9981	0	2
9983	0	2
9989	0	1
9994	0	2
9998	0	1
9999	0	2
10002	0	1
10003	0	3
10004	0	1
10006	0	2
10007	0	1
10008	0	1
10009	0	1
10015	0	1
10021	0	1
10023	0	2
10028	0	2
10029	0	1
10030	0	2
10031	0	4
10032	0	1
10033	0	1
10039	0	1
10041	0	1
10044	0	3
10047	0	1
10049	0	4
10050	0	2
10051	0	1
10056	0	1
10057	0	2
10058	0	1
10061	0	1
10062	0	2
10063	0	1
10065	0	1
10066	0	1
10067	0	1
10068	0	2
10069	0	1
10070	0	2
10071	0	3
10077	0	2
10078	0	1
10079	0	5
10080	0	1
10081	0	1
10082	0	1
10084	0	2
10085	0	1
10086	0	2
10092	0	1
10096	0	3
10098	0	1
10099	0	1
10100	0	2
10101	0	1
10102	0	1
10103	0	1
10107	0	2
10109	0	2
10114	0	1
10115	0	1
10116	0	1
10120	0	2
10121	0	2
10122	0	1
10123	0	2
10125	0	1
10126	0	2
10127	0	1
10128	0	1
10129	0	1
10132	0	1
10134	0	1
10137	0	1
10140	0	2
10142	0	1
10143	0	1
10146	0	3
10148	0	2
10149	0	5
10152	0	4
10153	0	2
10154	0	1
10157	0	1
10158	0	1
10159	0	1
10160	0	1
10163	0	2
10164	0	1
10166	0	1
10167	0	2
10168	0	1
10172	0	2
10173	0	1
10174	0	1
10175	0	1
10176	0	2
10177	0	1
10178	0	1
10179	0	1
10180	0	2
10181	0	1
10183	0	2
10186	0	1
10187	0	2
10188	0	1
10193	0	1
10197	0	1
10200	0	1
10201	0	1
10204	0	1
10205	0	1
10208	0	1
10211	0	1
10213	0	1
10217	0	2
10218	0	4
10219	0	1
10220	0	1
10221	0	1
10225	0	1
10226	0	1
10230	0	2
10231	0	2
10232	0	1
10235	0	2
10242	0	2
10245	0	3
10252	0	1
10254	0	1
10255	0	3
10259	0	1
10264	0	1
10265	0	3
10268	0	3
10269	0	6
10272	0	2
10273	0	2
10274	0	1
10275	0	5
10276	0	2
10277	0	2
10278	0	3
10279	0	3
10280	0	1
10281	0	7
10282	0	3
10283	0	6
10284	0	5
10285	0	1
10286	0	1
10287	0	3
10288	0	1
10289	0	3
10290	0	2
10291	0	1
10293	0	2
10295	0	1
10296	0	1
10297	0	2
10298	0	1
10301	0	3
10302	0	1
10303	0	1
10304	0	1
10305	0	1
10306	0	2
10307	0	1
10309	0	2
10310	0	2
10312	0	1
10313	0	3
10314	0	1
10315	0	1
10316	0	2
10318	0	1
10319	0	1
10320	0	1
10321	0	1
10322	0	2
10324	0	1
10325	0	1
10326	0	2
10327	0	3
10329	0	4
10330	0	2
10331	0	2
10332	0	4
10333	0	1
10334	0	3
10336	0	2
10337	0	1
10338	0	2
10339	0	4
10340	0	3
10341	0	5
10342	0	3
10343	0	5
10344	0	4
10345	0	4
10346	0	3
10347	0	3
10348	0	3
10349	0	4
10350	0	3
10351	0	3
10352	0	4
10353	0	2
10354	0	4
10355	0	2
10356	0	3
10357	0	3
10359	0	1
10360	0	1
10361	0	1
10362	0	1
10364	0	2
10365	0	1
10368	0	2
10369	0	1
10370	0	2
10371	0	2
10372	0	5
10373	0	10
10374	0	3
10375	0	2
10376	0	2
10377	0	25
10378	0	10
10379	0	7
10380	0	5
10381	0	6
10382	0	8
10383	0	6
10384	0	5
10385	0	3
10386	0	323
10387	0	9
10388	0	3
10389	0	3
10390	0	2
10392	0	1
10394	0	3
10397	0	1
10398	0	2
10399	0	1
10401	0	1
10403	0	2
10407	0	4
10408	0	2
10418	0	4
10420	0	1
10421	0	2
10422	0	1
10423	0	1
10425	0	1
10427	0	1
10429	0	1
10432	0	3
10434	0	1
10436	0	1
10437	0	1
10441	0	1
10443	0	1
10444	0	1
10452	0	1
10461	0	1
10462	0	1
10469	0	1
10470	0	1
10477	0	2
10478	0	1
10482	0	2
10483	0	1
10484	0	2
10485	0	1
10490	0	3
10494	0	1
10497	0	4
10498	0	2
10500	0	2
10501	0	1
10504	0	2
10506	0	2
10509	0	2
10511	0	2
10517	0	1
10521	0	1
10522	0	2
10524	0	2
10525	0	2
10529	0	1
10534	0	1
10537	0	1
10539	0	2
10545	0	1
10547	0	1
10549	0	1
10553	0	1
10555	0	1
10563	0	1
10566	0	5
10568	0	2
10569	0	1
10574	0	2
10583	0	1
10587	0	1
10588	0	1
10589	0	2
10590	0	1
10593	0	1
10597	0	2
10601	0	1
10602	0	1
10608	0	1
10609	0	1
10610	0	1
10613	0	2
10615	0	1
10621	0	1
10626	0	2
10632	0	2
10633	0	1
10640	0	1
10642	0	2
10644	0	1
10646	0	1
10648	0	1
10650	0	1
10655	0	1
10656	0	1
10657	0	1
10661	0	1
10665	0	1
10669	0	1
10670	0	2
10671	0	3
10676	0	1
10679	0	1
10680	0	1
10683	0	1
10686	0	5
10688	0	2
10690	0	1
10700	0	1
10704	0	1
10705	0	2
10707	0	1
10709	0	1
10713	0	1
10714	0	1
10716	0	1
10717	0	1
10723	0	3
10726	0	1
10727	0	2
10732	0	1
10737	0	3
10744	0	1
10745	0	1
10746	0	1
10748	0	1
10758	0	1
10759	0	1
10762	0	1
10772	0	1
10773	0	1
10780	0	1
10782	0	2
10784	0	1
10787	0	1
10788	0	1
10790	0	1
10794	0	1
10799	0	1
10802	0	1
10810	0	1
10814	0	2
10818	0	1
10819	0	1
10834	0	1
10845	0	1
10849	0	1
10854	0	1
10855	0	1
10858	0	1
10860	0	2
10861	0	1
10862	0	1
10864	0	1
10865	0	1
10866	0	1
10867	0	1
10872	0	1
10880	0	1
10888	0	1
10889	0	1
10892	0	2
10895	0	1
10897	0	1
10898	0	1
10902	0	1
10903	0	1
10904	0	1
10905	0	1
10906	0	1
10907	0	14
10908	0	1
10910	0	1
10911	0	2
10918	0	1
10923	0	1
10925	0	1
10930	0	3
10943	0	1
10946	0	2
10955	0	1
10957	0	1
10959	0	1
10963	0	1
10969	0	1
10978	0	1
10989	0	1
11008	0	1
11010	0	1
11017	0	1
11018	0	1
11022	0	1
11030	0	1
11031	0	1
11033	0	3
11036	0	1
11048	0	1
11050	0	1
11051	0	2
11064	0	1
11078	0	2
11080	0	1
11086	0	1
11094	0	2
11111	0	1
11113	0	1
11116	0	2
11127	0	1
11132	0	1
11149	0	1
11152	0	1
11154	0	1
11157	0	1
11160	0	1
11171	0	1
11182	0	1
11183	0	1
11208	0	1
11215	0	1
11222	0	1
11226	0	1
11230	0	1
11231	0	1
11235	0	1
11240	0	1
11260	0	1
11282	0	3
11289	0	1
11294	0	1
11310	0	2
11335	0	1
11337	0	1
11338	0	2
11360	0	1
11369	0	1
11376	0	1
11401	0	1
11404	0	1
11411	0	1
11431	0	1
11443	0	1
11446	0	2
11485	0	1
11486	0	1
11492	0	1
11508	0	1
11512	0	1
11514	0	1
11534	0	1
11544	0	2
11546	0	1
11554	0	1
11563	0	5
11572	0	1
11578	0	1
11581	0	1
11585	0	1
11605	0	1
11611	0	1
11623	0	1
11650	0	1
11657	0	1
11664	0	3
11696	0	1
11707	0	1
11708	0	1
11716	0	1
11726	0	1
11730	0	1
11732	0	1
11746	0	2
11753	0	1
11759	0	1
11760	0	1
11772	0	1
11817	0	2
11834	0	1
11837	0	1
11851	0	1
11852	0	1
11910	0	1
11922	0	1
11929	0	1
11983	0	1
11995	0	1
12019	0	1
12069	0	1
12075	0	1
12093	0	1
12105	0	1
12108	0	1
12141	0	1
12239	0	1
12314	0	1
12636	0	1
12691	0	2
12728	0	1
12736	0	1
12792	0	1

